710
25
[474.119, 562.13, 0]
[473.709, 562.936, 0]
[474.353, 562.195, 0]
[475.15, 562.711, 0]
[475.126, 562.717, 0]
[475.057, 562.183, 0]
[475.132, 562.687, 0]
[475.435, 561.643, 0]
[475.432, 562.42, 0]
[474.573, 561.899, 0]
[474.58, 561.901, 0]
[473.923, 562.403, 0]
[475.249, 562.402, 0]
[475.262, 562.388, 0]
[475.241, 562.385, 0]
[473.899, 561.82, 0]
[474.133, 561.82, 0]
[473.573, 562.606, 0]
[473.585, 562.631, 0]
[473.882, 562.376, 0]
[473.892, 562.398, 0]
[474.23, 562.42, 0]
[473.792, 562.169, 0]
[473.788, 562.143, 0]
[473.549, 562.597, 0]
[474.528, 561.897, 0]
[474.064, 560.829, 0]
[474.05, 560.841, 0]
[474.482, 561.869, 0]
[473.63, 562.137, 0]
[474.024, 560.844, 0]
[474.03, 560.86, 0]
[474.044, 560.102, 0]
[474.349, 560.614, 0]
[474.289, 560.893, 0]
[473.953, 561.93, 0]
[474.756, 560.874, 0]
[473.851, 562.168, 0]
[473.843, 562.165, 0]
[473.163, 562.684, 0]
[474.46, 561.921, 0]
[474.239, 561.773, 0]
[473.38, 562.093, 0]
[473.806, 562.111, 0]
[473.816, 562.112, 0]
[474.166, 561.862, 0]
[473.762, 561.617, 0]
[474.269, 562.356, 0]
[473.857, 562.372, 0]
[473.517, 562.602, 0]
[474.453, 561.197, 0]
[474.33, 561.991, 0]
[473.994, 562.371, 0]
[474.476, 562.007, 0]
[474.58, 562.265, 0]
[471.542, 553.847, 0]
[459.588, 541.584, 0]
[437.417, 521.006, 0]
[409.934, 482.312, 0]
[369.656, 398.8, 0]
[164.689, 157.644, 0]
[329.378, 315.288, 0]
[320.099, 284.445, 0]
[313.317, 274.782, 0]
[320.028, 279.48, 0]
[350.573, 290.419, 0]
[434.485, 330.64, 0]
[475.369, 443.681, 0]
[483.607, 408.781, 0]
[485.696, 435.205, 0]
[479.193, 443.147, 0]
[497.783, 456.34, 0]
[580.081, 393.968, 0]
[505.357, 483.131, 0]
[528.419, 366.031, 0]
[500.766, 365.128, 0]
[457.723, 361.096, 0]
[464.81, 368.916, 0]
[458.761, 369.351, 0]
[457.565, 373.583, 0]
[454.493, 387.545, 0]
[444.428, 400.483, 0]
[445.136, 427.466, 0]
[451.847, 425.307, 0]
[458.315, 449.549, 0]
[456.152, 476.496, 0]
[450.588, 507.941, 0]
[437.268, 532.744, 0]
[423.805, 548.221, 0]
[416.94, 558.931, 0]
[414.415, 566.692, 0]
[411.225, 570.612, 0]
[409.28, 574.658, 0]
[408.281, 571.46, 0]
[408.128, 567.753, 0]
[412.971, 572.839, 0]
[412.691, 576.264, 0]
[412.922, 575.792, 0]
[414.595, 575.814, 0]
[414.521, 575.139, 0]
[414.548, 575.151, 0]
[413.1, 575.796, 0]
[414.22, 575.162, 0]
[413.54, 575.855, 0]
[414.746, 576.647, 0]
[414.53, 575.276, 0]
[413.699, 575.896, 0]
[414.505, 575.458, 0]
[414.532, 575.391, 0]
[415.032, 575.324, 0]
[415.289, 576.113, 0]
[414.066, 575.363, 0]
[413.874, 575.36, 0]
[414.372, 575.307, 0]
[414.4, 575.343, 0]
[414.019, 575.914, 0]
[415.455, 575.23, 0]
[410.646, 565.492, 0]
[396.102, 551.25, 0]
[370.396, 543.095, 0]
[348.004, 534.423, 0]
[324.014, 537.029, 0]
[309.168, 550.732, 0]
[299.551, 568.975, 0]
[294.865, 579.561, 0]
[293.639, 590.828, 0]
[293.29, 598.592, 0]
[291.042, 603.036, 0]
[293.19, 606.141, 0]
[295.464, 608.062, 0]
[298.93, 608.394, 0]
[297.556, 611.115, 0]
[299.895, 611.423, 0]
[317.755, 640.775, 0]
[316.325, 640.321, 0]
[316.104, 638.693, 0]
[312.884, 640.235, 0]
[299.857, 615.197, 0]
[288.074, 611.241, 0]
[286.082, 598.552, 0]
[294.111, 578.343, 0]
[306.166, 562.414, 0]
[309.659, 542.301, 0]
[320.955, 524.649, 0]
[337.662, 511.313, 0]
[361.213, 503.753, 0]
[387.191, 496.752, 0]
[414.221, 494.77, 0]
[442.108, 502.419, 0]
[467.471, 510.514, 0]
[487.682, 521.977, 0]
[502.453, 532.16, 0]
[513.441, 539.753, 0]
[520.597, 547.31, 0]
[524.997, 552.433, 0]
[526.924, 556.67, 0]
[527.308, 560.497, 0]
[530.586, 563.216, 0]
[528.969, 564.527, 0]
[529.57, 566.471, 0]
[529.176, 565.697, 0]
[531.215, 566.121, 0]
[530.663, 568.208, 0]
[531.76, 567.834, 0]
[533.14, 566.753, 0]
[531.302, 568.333, 0]
[535.347, 566.994, 0]
[536.477, 564.6, 0]
[536.651, 566.803, 0]
[536.166, 565.753, 0]
[536.737, 566.009, 0]
[537.549, 565.12, 0]
[539.5, 565.649, 0]
[539.761, 566.34, 0]
[541.49, 564.785, 0]
[543.075, 564.57, 0]
[543.831, 560.763, 0]
[545.02, 561.755, 0]
[547.468, 558.661, 0]
[546.542, 557.601, 0]
[545.891, 555.808, 0]
[545.641, 557.782, 0]
[543.766, 554.846, 0]
[543.851, 552.788, 0]
[541.424, 553.839, 0]
[524.757, 435.691, 0]
[543.511, 553.178, 0]
[541.088, 556.27, 0]
[539.401, 557.004, 0]
[499.517, 420.351, 0]
[536.78, 561.096, 0]
[536.985, 561.976, 0]
[505.606, 423.575, 0]
[543.996, 559.946, 0]
[505.412, 421.695, 0]
[549.343, 562.483, 0]
[550.24, 563.798, 0]
[555.025, 563.413, 0]
[507.045, 454.927, 0]
[554.088, 564.477, 0]
[559.178, 568.371, 0]
[556.855, 569.389, 0]
[558.071, 569.281, 0]
[559.891, 569.262, 0]
[560.556, 567.976, 0]
[562.789, 566.207, 0]
[559.424, 558.559, 0]
[548.342, 526.555, 0]
[544.825, 548.216, 0]
[540.11, 545.654, 0]
[535.6, 545.627, 0]
[518.865, 549.483, 0]
[508.238, 559.958, 0]
[501.248, 575.672, 0]
[505.601, 585.014, 0]
[503.468, 591.077, 0]
[499.62, 610.373, 0]
[508.67, 611.962, 0]
[505.273, 620.372, 0]
[499.101, 626.476, 0]
[498.211, 629.112, 0]
[500.052, 637.057, 0]
[501.037, 638.427, 0]
[499.707, 638.87, 0]
[497.461, 641.521, 0]
[499.518, 639.775, 0]
[499.989, 641.992, 0]
[500.984, 643.047, 0]
[489.062, 514.72, 0]
[498.617, 643.538, 0]
[500.069, 643.928, 0]
[499.297, 643.491, 0]
[500.472, 642.704, 0]
[500.04, 643.388, 0]
[501.603, 643.87, 0]
[500.863, 643.387, 0]
[503.307, 645.001, 0]
[510.927, 644.821, 0]
[526.151, 644.476, 0]
[507.851, 647.605, 0]
[505.518, 644.055, 0]
[504.065, 644.841, 0]
[502.757, 642.744, 0]
[499.087, 642.148, 0]
[500.681, 644.489, 0]
[505.238, 645.737, 0]
[508.838, 644.563, 0]
[525.135, 646.145, 0]
[528.718, 647.339, 0]
[532.165, 647.383, 0]
[527.628, 647.394, 0]
[498.218, 523.315, 0]
[530.826, 644.763, 0]
[539.032, 631.088, 0]
[492.515, 518.728, 0]
[505.126, 651.051, 0]
[485.112, 519.601, 0]
[481.201, 520.403, 0]
[504.667, 646.325, 0]
[492.106, 543.872, 0]
[474.958, 525.798, 0]
[507.121, 642.195, 0]
[509.735, 632.752, 0]
[507.471, 639.183, 0]
[513.47, 638.042, 0]
[514.818, 638.308, 0]
[552.253, 642.626, 0]
[558.032, 643.877, 0]
[558.053, 643.389, 0]
[557.836, 644.273, 0]
[558.685, 639.618, 0]
[556.467, 638.033, 0]
[555.161, 636.995, 0]
[550.634, 625.645, 0]
[552.726, 639.524, 0]
[548.751, 637.985, 0]
[545.771, 631.965, 0]
[549.733, 639.732, 0]
[550.128, 643.347, 0]
[554.661, 640.712, 0]
[508.609, 632.345, 0]
[512.007, 631.91, 0]
[506.883, 633.615, 0]
[510.343, 631.61, 0]
[508.418, 633.489, 0]
[508.362, 634.658, 0]
[509.056, 634.272, 0]
[504.204, 625.354, 0]
[511.338, 614.677, 0]
[521.82, 609.843, 0]
[529.886, 600.308, 0]
[516.611, 589.867, 0]
[507.15, 563.518, 0]
[490.093, 538.312, 0]
[465.536, 516.971, 0]
[438.67, 503.548, 0]
[411.291, 496.165, 0]
[383.647, 500.326, 0]
[356.823, 509.965, 0]
[336.709, 521.07, 0]
[316.532, 538.082, 0]
[304.667, 553.104, 0]
[296.24, 563.659, 0]
[296.99, 567.809, 0]
[292.546, 577.074, 0]
[292.39, 583.725, 0]
[294.017, 584.678, 0]
[291.833, 590.302, 0]
[294.679, 585.076, 0]
[293.449, 585.837, 0]
[295.5, 586.847, 0]
[291.478, 620.219, 0]
[297.134, 588.802, 0]
[303.747, 577.282, 0]
[298.451, 586.618, 0]
[297.827, 586.595, 0]
[296.649, 588.595, 0]
[296.519, 590.577, 0]
[297.354, 587.6, 0]
[287.721, 591.413, 0]
[284.968, 578.905, 0]
[289.892, 571.328, 0]
[310.827, 558.201, 0]
[342.453, 553.46, 0]
[380.421, 548.975, 0]
[421.125, 546.405, 0]
[457.129, 554.185, 0]
[484.546, 568.657, 0]
[504.552, 588.357, 0]
[520.114, 605.529, 0]
[533.072, 615.301, 0]
[542.796, 617.395, 0]
[549.226, 622.992, 0]
[551.762, 625.46, 0]
[551.638, 621.909, 0]
[553.996, 618.032, 0]
[558.177, 617.747, 0]
[560.818, 618.619, 0]
[563.112, 617.803, 0]
[560.627, 617.536, 0]
[561.732, 611.003, 0]
[556.004, 600.053, 0]
[550.978, 591.673, 0]
[545.184, 578.881, 0]
[523.852, 570.492, 0]
[468.707, 571.517, 0]
[452.682, 578.39, 0]
[358.833, 601.728, 0]
[312.496, 612.02, 0]
[273.177, 633.659, 0]
[242.62, 651.077, 0]
[255.389, 682.3, 0]
[234.832, 699.926, 0]
[220.296, 712.62, 0]
[214.312, 725.697, 0]
[211.79, 733.838, 0]
[207.122, 741.795, 0]
[206.211, 745.143, 0]
[204.412, 751.581, 0]
[205.454, 756.451, 0]
[207.334, 760.781, 0]
[208.572, 767.267, 0]
[208.618, 768.945, 0]
[207.964, 767.083, 0]
[207.214, 767.774, 0]
[207.889, 767.517, 0]
[200.42, 760.94, 0]
[194.587, 752.843, 0]
[190.842, 739.109, 0]
[197.57, 719.67, 0]
[209.573, 701.647, 0]
[237.799, 685.534, 0]
[275.891, 666.706, 0]
[322.906, 650.901, 0]
[377.428, 639.739, 0]
[438.401, 632.242, 0]
[484.488, 606.65, 0]
[544.31, 573.835, 0]
[593.62, 626.704, 0]
[670.589, 648.026, 0]
[712.735, 661.548, 0]
[747.465, 677.849, 0]
[772.076, 692.761, 0]
[787.653, 708.897, 0]
[800.478, 720.174, 0]
[802.797, 731.556, 0]
[805.95, 742.779, 0]
[804.195, 747.504, 0]
[805.807, 762.209, 0]
[612.638, 614.943, 0]
[803.032, 763.394, 0]
[604.837, 619.804, 0]
[602.914, 624.396, 0]
[596.971, 645.851, 0]
[598.874, 630.374, 0]
[784.665, 747.541, 0]
[568.9, 612.268, 0]
[757.997, 711.759, 0]
[757.869, 687.432, 0]
[738.477, 664.718, 0]
[710.244, 641, 0]
[684.961, 623.375, 0]
[656.033, 602.506, 0]
[627.258, 595.018, 0]
[598.825, 585.482, 0]
[574.998, 577.71, 0]
[554.833, 574.406, 0]
[539.821, 580.286, 0]
[527.772, 590.502, 0]
[517.986, 602.144, 0]
[511.719, 613.097, 0]
[507.959, 620.809, 0]
[506.232, 627.649, 0]
[503.442, 632.187, 0]
[502.949, 631.303, 0]
[502.251, 631.401, 0]
[501.87, 639.658, 0]
[498.14, 644.681, 0]
[496.22, 647.418, 0]
[494.886, 648.407, 0]
[493.962, 650.316, 0]
[493.995, 649.861, 0]
[492.577, 647.788, 0]
[493.234, 647.992, 0]
[493.358, 647.251, 0]
[494.054, 648.416, 0]
[494.106, 648.432, 0]
[496.52, 652.032, 0]
[496.285, 651.913, 0]
[496.566, 651.581, 0]
[497.918, 652.873, 0]
[497.264, 654.172, 0]
[497.205, 651.5, 0]
[497.683, 652.151, 0]
[496.458, 652.515, 0]
[496.464, 654.312, 0]
[495.851, 653.591, 0]
[497.384, 654.315, 0]
[498.001, 652.982, 0]
[499.744, 650.012, 0]
[498.187, 631.963, 0]
[486.098, 612.174, 0]
[455.051, 595.452, 0]
[420.985, 581.686, 0]
[387.833, 567.863, 0]
[360.863, 560.034, 0]
[338.488, 551.799, 0]
[324.345, 547.125, 0]
[309.756, 550.362, 0]
[301.942, 552.904, 0]
[292.896, 565.766, 0]
[295.392, 560.96, 0]
[292.466, 568.98, 0]
[297.748, 566.613, 0]
[293.194, 569.648, 0]
[295.014, 570.013, 0]
[294.826, 572.009, 0]
[293.662, 572.087, 0]
[287.155, 575.317, 0]
[284.569, 574.808, 0]
[274.608, 582.035, 0]
[277.244, 560.503, 0]
[279.399, 552.294, 0]
[295.141, 577.201, 0]
[283.866, 546.383, 0]
[287.531, 534.562, 0]
[300.766, 523.897, 0]
[321.452, 515.809, 0]
[343.985, 505.321, 0]
[373.352, 504.007, 0]
[406.052, 501.146, 0]
[440.376, 505.104, 0]
[470.138, 513.922, 0]
[494.413, 521.614, 0]
[515.844, 527.508, 0]
[529.845, 534.367, 0]
[540.265, 544.034, 0]
[546.133, 550.493, 0]
[550.075, 554.862, 0]
[550.287, 557.201, 0]
[547.605, 557.352, 0]
[548.941, 558.052, 0]
[547.782, 559.446, 0]
[550.55, 557.79, 0]
[551.068, 557.437, 0]
[555.466, 551.342, 0]
[552.344, 552.95, 0]
[554.255, 550.032, 0]
[552.075, 553.521, 0]
[552.009, 558.542, 0]
[553.578, 559.736, 0]
[556.863, 559.755, 0]
[558.552, 561.508, 0]
[557.17, 562.465, 0]
[556.499, 562.735, 0]
[556.765, 560.736, 0]
[556.016, 558.515, 0]
[495.48, 416.492, 0]
[527.024, 534.46, 0]
[558.295, 558.836, 0]
[492.777, 443.162, 0]
[477.544, 419.556, 0]
[559.052, 562.951, 0]
[558.491, 563.72, 0]
[556.977, 564.615, 0]
[559.196, 566.453, 0]
[557.336, 566.254, 0]
[553.171, 567.06, 0]
[550.701, 566.556, 0]
[545.514, 565.268, 0]
[546.179, 564.826, 0]
[546.247, 562.028, 0]
[559.019, 514.628, 0]
[548.497, 561.429, 0]
[548.469, 562.239, 0]
[548.592, 560.943, 0]
[548.161, 564.16, 0]
[550.867, 566.114, 0]
[550.861, 563.96, 0]
[550.834, 561.992, 0]
[549.772, 562.302, 0]
[551.53, 564.106, 0]
[545.814, 452.585, 0]
[534.943, 464.18, 0]
[551.656, 562.554, 0]
[570.989, 531.729, 0]
[558.445, 552.038, 0]
[565.045, 542.536, 0]
[565.501, 535.476, 0]
[563.841, 535.316, 0]
[557.071, 542.219, 0]
[546.957, 552.028, 0]
[538.951, 567.443, 0]
[535.948, 580.121, 0]
[529.185, 596.784, 0]
[522.887, 606.741, 0]
[523.463, 616.64, 0]
[520.475, 625.658, 0]
[520.455, 628.455, 0]
[518.088, 633.142, 0]
[519.069, 634.41, 0]
[516.327, 635.851, 0]
[517.49, 638.295, 0]
[517.969, 640.693, 0]
[516.907, 641.68, 0]
[518.056, 642.758, 0]
[517.917, 643.405, 0]
[519.041, 644.66, 0]
[517.555, 645.393, 0]
[517.861, 645.91, 0]
[518.229, 644.799, 0]
[518.951, 645.776, 0]
[520.41, 643.952, 0]
[520.611, 645.814, 0]
[519.593, 646.203, 0]
[519.562, 645.196, 0]
[519.72, 645.52, 0]
[520.925, 646.816, 0]
[520.991, 647.514, 0]
[519.862, 646.887, 0]
[519.787, 647.176, 0]
[520.866, 648.599, 0]
[521.111, 648.726, 0]
[520.086, 648.611, 0]
[518.67, 649.088, 0]
[517.962, 648.418, 0]
[517.112, 648.515, 0]
[516.819, 647.279, 0]
[514.881, 645.575, 0]
[513.302, 647.122, 0]
[512.631, 648.002, 0]
[513.956, 648.033, 0]
[515.429, 646.275, 0]
[512.564, 644.897, 0]
[512.418, 644.409, 0]
[511.081, 645.919, 0]
[510.989, 644.459, 0]
[511.222, 643.757, 0]
[511.229, 644.529, 0]
[510.305, 644.861, 0]
[510.572, 644.214, 0]
[511.932, 645.724, 0]
[512.339, 645.909, 0]
[511.854, 646.96, 0]
[511.768, 646.261, 0]
[510.448, 647.255, 0]
[512.234, 647.605, 0]
[512.463, 646.145, 0]
[512.443, 639.181, 0]
[512.662, 634.155, 0]
[516.646, 619.71, 0]
[522.746, 598.373, 0]
[505.321, 582.464, 0]
[495.042, 554.586, 0]
[473.791, 522.481, 0]
[390.831, 478.851, 0]
[405.202, 465.69, 0]
[363.673, 445.344, 0]
[326.945, 445.009, 0]
[295.81100000000004, 456.9515, 0]
[264.677, 468.894, 0]
[242.726, 490.167, 0]
[227.162, 514.57, 0]
[219.621, 533.961, 0]
[216.812, 552.697, 0]
[215.44, 564.394, 0]
[216.808, 569.974, 0]
[217.048, 577.994, 0]
[220.256, 587.361, 0]
[219.475, 589.12, 0]
[218.014, 590.928, 0]
[218.616, 592.119, 0]
[218.377, 591.885, 0]
[217.154, 591.876, 0]
[217.588, 593.318, 0]
[217.775, 593.86, 0]
[217.197, 594.975, 0]
[212.48, 594.028, 0]
[203.313, 581.712, 0]
[205.812, 567.075, 0]
[220.64, 554.311, 0]
[244.652, 542.492, 0]
[267.642, 533.563, 0]
[295.631, 527.889, 0]
[323.924, 524.255, 0]
[349.212, 523.416, 0]
[375.958, 524.81, 0]
[394.16, 525.904, 0]
[405.852, 531.143, 0]
[410.256, 533.402, 0]
[413.019, 541.288, 0]
[412.143, 549.962, 0]
[409.074, 555.171, 0]
[408.019, 557.701, 0]
[408.35, 562.115, 0]
[409.825, 567.362, 0]
[412.325, 574.157, 0]
[413.813, 574.842, 0]
[413.465, 576.35, 0]
[415.71, 577.299, 0]
[415.243, 576.187, 0]
[415.937, 576.747, 0]
[414.853, 576.626, 0]
[415.297, 577.236, 0]
[414.74, 577.417, 0]
[415.347, 576.78, 0]
[416.074, 576.759, 0]
[415.605, 576.602, 0]
[415.847, 576.443, 0]
[416.338, 576.89, 0]
[415.361, 576.592, 0]
[415.593, 575.52, 0]
[415.655, 576.112, 0]
[416.319, 576.86, 0]
[414.902, 575.968, 0]
[415.137, 576.553, 0]
[416.105, 576.524, 0]
[416.233, 576.475, 0]
[417.019, 577.057, 0]
[416.231, 576.464, 0]
[416.2, 576.457, 0]
[416.581, 575.902, 0]
[416.204, 576.686, 0]
[416.38, 575.919, 0]
[416.089, 576.053, 0]
[416.083, 576.044, 0]
[415.447, 576.753, 0]
[415.659, 576.741, 0]
[415.651, 576.736, 0]
[416.071, 575.289, 0]
[416.088, 575.299, 0]
[416.124, 575.875, 0]
[416.083, 575.306, 0]
[416.112, 575.316, 0]
[416.122, 575.31, 0]
[416.13, 575.297, 0]
[416.136, 575.294, 0]
[416.136, 575.298, 0]
[416.132, 575.313, 0]
[416.15, 575.305, 0]
[416.2, 575.895, 0]
[416.15, 575.303, 0]
[416.141, 575.293, 0]
[416.137, 575.284, 0]
[416.149, 575.307, 0]
[416.037, 576.8, 0]
[416.059, 576.61, 0]
[416.146, 575.31, 0]
[416.039, 575.888, 0]
[416.149, 575.308, 0]
[415.677, 575.154, 0]
[417.069, 576.072, 0]
[417.07, 576.071, 0]
[417.069, 576.064, 0]
[416.816, 575.901, 0]
[416.607, 575.904, 0]
[416.609, 575.904, 0]
[416.587, 575.898, 0]
[416.582, 575.897, 0]
[416.592, 575.924, 0]
[416.585, 575.922, 0]
[416.618, 575.91, 0]
[416.611, 575.931, 0]
[416.918, 576.018, 0]
[415.955, 576.536, 0]
[414.208, 575.695, 0]
[412.521, 576.93, 0]
[408.432, 561.723, 0]
[397.461, 552.457, 0]
[0, 0, 0]
[0, 0, 0]
[0, 0, 0]
[0, 0, 0]
[0, 0, 0]
[0, 0, 0]
[0, 0, 0]
[0, 0, 0]
[0, 0, 0]
[0, 0, 0]
[0, 0, 0]
[0, 0, 0]
[0, 0, 0]
[0, 0, 0]
[0, 0, 0]
[0, 0, 0]
[0, 0, 0]
[0, 0, 0]
[0, 0, 0]
[0, 0, 0]
[0, 0, 0]
[0, 0, 0]
[0, 0, 0]
[0, 0, 0]
[0, 0, 0]
[0, 0, 0]
[0, 0, 0]
[0, 0, 0]
[0, 0, 0]
[0, 0, 0]
[0, 0, 0]
[0, 0, 0]
[0, 0, 0]
[0, 0, 0]
[0, 0, 0]
[0, 0, 0]
[0, 0, 0]
[0, 0, 0]
[0, 0, 0]
[0, 0, 0]
[0, 0, 0]
[0, 0, 0]
[0, 0, 0]
[0, 0, 0]
[0, 0, 0]
[0, 0, 0]
[0, 0, 0]
[0, 0, 0]
[0, 0, 0]
[0, 0, 0]
[0, 0, 0]
[0, 0, 0]
[0, 0, 0]
[0, 0, 0]
[0, 0, 0]
[0, 0, 0]
[0, 0, 0]
[0, 0, 0]
[0, 0, 0]
[0, 0, 0]
[0, 0, 0]
[0, 0, 0]
[0, 0, 0]
[0, 0, 0]
[0, 0, 0]
[0, 0, 0]
[0, 0, 0]
[0, 0, 0]
[0, 0, 0]
[0, 0, 0]
[0, 0, 0]
[0, 0, 0]
[0, 0, 0]
[0, 0, 0]
[0, 0, 0]
[0, 0, 0]
[0, 0, 0]
[0, 0, 0]
[0, 0, 0]
[0, 0, 0]
[0, 0, 0]
[0, 0, 0]
[0, 0, 0]
[0, 0, 0]
[0, 0, 0]
[0, 0, 0]
[0, 0, 0]
[0, 0, 0]
[0, 0, 0]
[0, 0, 0]
[0, 0, 0]
[0, 0, 0]
[0, 0, 0]
[0, 0, 0]
[0, 0, 0]
[0, 0, 0]
[0, 0, 0]
[0, 0, 0]
[0, 0, 0]
[0, 0, 0]
[0, 0, 0]
[0, 0, 0]
[0, 0, 0]
[0, 0, 0]
[0, 0, 0]
[0, 0, 0]
[0, 0, 0]
[0, 0, 0]
[0, 0, 0]
[0, 0, 0]
[0, 0, 0]
[0, 0, 0]
[0, 0, 0]
[0, 0, 0]
[0, 0, 0]
[0, 0, 0]
[0, 0, 0]
[0, 0, 0]
[0, 0, 0]
[0, 0, 0]
[0, 0, 0]
[0, 0, 0]
[0, 0, 0]
[0, 0, 0]
[0, 0, 0]
[0, 0, 0]
[0, 0, 0]
[0, 0, 0]
[0, 0, 0]
[0, 0, 0]
[0, 0, 0]
[0, 0, 0]
[0, 0, 0]
[0, 0, 0]
[0, 0, 0]
[0, 0, 0]
[0, 0, 0]
[0, 0, 0]
[0, 0, 0]
[0, 0, 0]
[0, 0, 0]
[0, 0, 0]
[0, 0, 0]
[0, 0, 0]
[0, 0, 0]
[0, 0, 0]
[0, 0, 0]
[0, 0, 0]
[0, 0, 0]
[0, 0, 0]
[0, 0, 0]
[0, 0, 0]
[0, 0, 0]
[0, 0, 0]
[0, 0, 0]
[0, 0, 0]
[0, 0, 0]
[0, 0, 0]
[0, 0, 0]
[0, 0, 0]
[0, 0, 0]
[0, 0, 0]
[0, 0, 0]
[0, 0, 0]
[0, 0, 0]
[0, 0, 0]
[0, 0, 0]
[0, 0, 0]
[0, 0, 0]
[0, 0, 0]
[0, 0, 0]
[0, 0, 0]
[0, 0, 0]
[0, 0, 0]
[0, 0, 0]
[0, 0, 0]
[0, 0, 0]
[0, 0, 0]
[0, 0, 0]
[0, 0, 0]
[0, 0, 0]
[0, 0, 0]
[0, 0, 0]
[0, 0, 0]
[0, 0, 0]
[0, 0, 0]
[0, 0, 0]
[0, 0, 0]
[0, 0, 0]
[0, 0, 0]
[0, 0, 0]
[0, 0, 0]
[0, 0, 0]
[0, 0, 0]
[0, 0, 0]
[0, 0, 0]
[0, 0, 0]
[0, 0, 0]
[0, 0, 0]
[0, 0, 0]
[0, 0, 0]
[0, 0, 0]
[0, 0, 0]
[0, 0, 0]
[0, 0, 0]
[0, 0, 0]
[0, 0, 0]
[0, 0, 0]
[0, 0, 0]
[0, 0, 0]
[0, 0, 0]
[0, 0, 0]
[0, 0, 0]
[0, 0, 0]
[0, 0, 0]
[0, 0, 0]
[0, 0, 0]
[0, 0, 0]
[0, 0, 0]
[0, 0, 0]
[0, 0, 0]
[0, 0, 0]
[0, 0, 0]
[0, 0, 0]
[0, 0, 0]
[0, 0, 0]
[0, 0, 0]
[0, 0, 0]
[0, 0, 0]
[0, 0, 0]
[0, 0, 0]
[0, 0, 0]
[0, 0, 0]
[0, 0, 0]
[0, 0, 0]
[0, 0, 0]
[0, 0, 0]
[0, 0, 0]
[0, 0, 0]
[0, 0, 0]
[0, 0, 0]
[0, 0, 0]
[0, 0, 0]
[0, 0, 0]
[0, 0, 0]
[0, 0, 0]
[0, 0, 0]
[0, 0, 0]
[0, 0, 0]
[0, 0, 0]
[0, 0, 0]
[0, 0, 0]
[0, 0, 0]
[0, 0, 0]
[0, 0, 0]
[0, 0, 0]
[0, 0, 0]
[0, 0, 0]
[0, 0, 0]
[0, 0, 0]
[0, 0, 0]
[0, 0, 0]
[0, 0, 0]
[0, 0, 0]
[0, 0, 0]
[0, 0, 0]
[0, 0, 0]
[0, 0, 0]
[0, 0, 0]
[0, 0, 0]
[0, 0, 0]
[0, 0, 0]
[0, 0, 0]
[0, 0, 0]
[0, 0, 0]
[0, 0, 0]
[0, 0, 0]
[0, 0, 0]
[0, 0, 0]
[0, 0, 0]
[0, 0, 0]
[0, 0, 0]
[0, 0, 0]
[0, 0, 0]
[0, 0, 0]
[0, 0, 0]
[0, 0, 0]
[0, 0, 0]
[0, 0, 0]
[0, 0, 0]
[0, 0, 0]
[0, 0, 0]
[0, 0, 0]
[0, 0, 0]
[0, 0, 0]
[0, 0, 0]
[0, 0, 0]
[0, 0, 0]
[0, 0, 0]
[0, 0, 0]
[0, 0, 0]
[0, 0, 0]
[0, 0, 0]
[0, 0, 0]
[0, 0, 0]
[0, 0, 0]
[0, 0, 0]
[0, 0, 0]
[0, 0, 0]
[0, 0, 0]
[0, 0, 0]
[0, 0, 0]
[0, 0, 0]
[0, 0, 0]
[0, 0, 0]
[0, 0, 0]
[0, 0, 0]
[0, 0, 0]
[0, 0, 0]
[0, 0, 0]
[0, 0, 0]
[0, 0, 0]
[0, 0, 0]
[0, 0, 0]
[0, 0, 0]
[0, 0, 0]
[0, 0, 0]
[0, 0, 0]
[0, 0, 0]
[0, 0, 0]
[0, 0, 0]
[0, 0, 0]
[0, 0, 0]
[0, 0, 0]
[0, 0, 0]
[0, 0, 0]
[0, 0, 0]
[0, 0, 0]
[0, 0, 0]
[0, 0, 0]
[0, 0, 0]
[0, 0, 0]
[0, 0, 0]
[0, 0, 0]
[0, 0, 0]
[0, 0, 0]
[0, 0, 0]
[0, 0, 0]
[0, 0, 0]
[0, 0, 0]
[0, 0, 0]
[0, 0, 0]
[0, 0, 0]
[0, 0, 0]
[0, 0, 0]
[0, 0, 0]
[0, 0, 0]
[0, 0, 0]
[0, 0, 0]
[0, 0, 0]
[0, 0, 0]
[0, 0, 0]
[0, 0, 0]
[0, 0, 0]
[0, 0, 0]
[0, 0, 0]
[0, 0, 0]
[0, 0, 0]
[0, 0, 0]
[0, 0, 0]
[0, 0, 0]
[0, 0, 0]
[0, 0, 0]
[0, 0, 0]
[0, 0, 0]
[0, 0, 0]
[0, 0, 0]
[0, 0, 0]
[0, 0, 0]
[0, 0, 0]
[0, 0, 0]
[0, 0, 0]
[0, 0, 0]
[0, 0, 0]
[0, 0, 0]
[0, 0, 0]
[0, 0, 0]
[0, 0, 0]
[0, 0, 0]
[0, 0, 0]
[0, 0, 0]
[0, 0, 0]
[0, 0, 0]
[0, 0, 0]
[0, 0, 0]
[0, 0, 0]
[0, 0, 0]
[0, 0, 0]
[0, 0, 0]
[0, 0, 0]
[0, 0, 0]
[0, 0, 0]
[0, 0, 0]
[0, 0, 0]
[0, 0, 0]
[0, 0, 0]
[0, 0, 0]
[0, 0, 0]
[0, 0, 0]
[0, 0, 0]
[0, 0, 0]
[0, 0, 0]
[0, 0, 0]
[0, 0, 0]
[0, 0, 0]
[0, 0, 0]
[0, 0, 0]
[0, 0, 0]
[0, 0, 0]
[0, 0, 0]
[0, 0, 0]
[0, 0, 0]
[0, 0, 0]
[0, 0, 0]
[0, 0, 0]
[0, 0, 0]
[0, 0, 0]
[0, 0, 0]
[0, 0, 0]
[0, 0, 0]
[0, 0, 0]
[0, 0, 0]
[0, 0, 0]
[0, 0, 0]
[0, 0, 0]
[0, 0, 0]
[0, 0, 0]
[0, 0, 0]
[0, 0, 0]
[0, 0, 0]
[0, 0, 0]
[0, 0, 0]
[0, 0, 0]
[0, 0, 0]
[0, 0, 0]
[0, 0, 0]
[0, 0, 0]
[0, 0, 0]
[0, 0, 0]
[0, 0, 0]
[0, 0, 0]
[0, 0, 0]
[0, 0, 0]
[0, 0, 0]
[0, 0, 0]
[0, 0, 0]
[0, 0, 0]
[0, 0, 0]
[0, 0, 0]
[0, 0, 0]
[0, 0, 0]
[0, 0, 0]
[0, 0, 0]
[0, 0, 0]
[0, 0, 0]
[0, 0, 0]
[0, 0, 0]
[0, 0, 0]
[0, 0, 0]
[0, 0, 0]
[0, 0, 0]
[0, 0, 0]
[0, 0, 0]
[0, 0, 0]
[0, 0, 0]
[0, 0, 0]
[0, 0, 0]
[0, 0, 0]
[0, 0, 0]
[0, 0, 0]
[0, 0, 0]
[0, 0, 0]
[0, 0, 0]
[0, 0, 0]
[0, 0, 0]
[0, 0, 0]
[0, 0, 0]
[0, 0, 0]
[0, 0, 0]
[0, 0, 0]
[0, 0, 0]
[0, 0, 0]
[0, 0, 0]
[0, 0, 0]
[0, 0, 0]
[0, 0, 0]
[0, 0, 0]
[0, 0, 0]
[0, 0, 0]
[0, 0, 0]
[0, 0, 0]
[0, 0, 0]
[0, 0, 0]
[0, 0, 0]
[0, 0, 0]
[0, 0, 0]
[0, 0, 0]
[0, 0, 0]
[0, 0, 0]
[0, 0, 0]
[0, 0, 0]
[0, 0, 0]
[0, 0, 0]
[0, 0, 0]
[0, 0, 0]
[0, 0, 0]
[0, 0, 0]
[0, 0, 0]
[0, 0, 0]
[0, 0, 0]
[0, 0, 0]
[0, 0, 0]
[0, 0, 0]
[0, 0, 0]
[0, 0, 0]
[0, 0, 0]
[0, 0, 0]
[0, 0, 0]
[0, 0, 0]
[0, 0, 0]
[0, 0, 0]
[0, 0, 0]
[0, 0, 0]
[0, 0, 0]
[0, 0, 0]
[0, 0, 0]
[0, 0, 0]
[0, 0, 0]
[0, 0, 0]
[0, 0, 0]
[0, 0, 0]
[0, 0, 0]
[0, 0, 0]
[0, 0, 0]
[0, 0, 0]
[0, 0, 0]
[0, 0, 0]
[0, 0, 0]
[0, 0, 0]
[0, 0, 0]
[0, 0, 0]
[0, 0, 0]
[0, 0, 0]
[0, 0, 0]
[0, 0, 0]
[0, 0, 0]
[0, 0, 0]
[0, 0, 0]
[0, 0, 0]
[0, 0, 0]
[0, 0, 0]
[0, 0, 0]
[0, 0, 0]
[0, 0, 0]
[0, 0, 0]
[0, 0, 0]
[0, 0, 0]
[0, 0, 0]
[0, 0, 0]
[0, 0, 0]
[0, 0, 0]
[0, 0, 0]
[0, 0, 0]
[0, 0, 0]
[0, 0, 0]
[0, 0, 0]
[0, 0, 0]
[0, 0, 0]
[0, 0, 0]
[0, 0, 0]
[0, 0, 0]
[0, 0, 0]
[0, 0, 0]
[0, 0, 0]
[0, 0, 0]
[0, 0, 0]
[0, 0, 0]
[0, 0, 0]
[0, 0, 0]
[0, 0, 0]
[0, 0, 0]
[0, 0, 0]
[0, 0, 0]
[0, 0, 0]
[0, 0, 0]
[0, 0, 0]
[0, 0, 0]
[0, 0, 0]
[0, 0, 0]
[0, 0, 0]
[0, 0, 0]
[0, 0, 0]
[0, 0, 0]
[0, 0, 0]
[0, 0, 0]
[0, 0, 0]
[0, 0, 0]
[0, 0, 0]
[0, 0, 0]
[0, 0, 0]
[0, 0, 0]
[0, 0, 0]
[0, 0, 0]
[0, 0, 0]
[0, 0, 0]
[0, 0, 0]
[0, 0, 0]
[0, 0, 0]
[0, 0, 0]
[0, 0, 0]
[0, 0, 0]
[0, 0, 0]
[0, 0, 0]
[0, 0, 0]
[0, 0, 0]
[0, 0, 0]
[0, 0, 0]
[0, 0, 0]
[0, 0, 0]
[0, 0, 0]
[0, 0, 0]
[0, 0, 0]
[0, 0, 0]
[0, 0, 0]
[0, 0, 0]
[0, 0, 0]
[0, 0, 0]
[0, 0, 0]
[0, 0, 0]
[0, 0, 0]
[0, 0, 0]
[0, 0, 0]
[0, 0, 0]
[0, 0, 0]
[0, 0, 0]
[0, 0, 0]
[0, 0, 0]
[0, 0, 0]
[0, 0, 0]
[0, 0, 0]
[0, 0, 0]
[0, 0, 0]
[0, 0, 0]
[0, 0, 0]
[0, 0, 0]
[0, 0, 0]
[0, 0, 0]
[0, 0, 0]
[0, 0, 0]
[0, 0, 0]
[0, 0, 0]
[0, 0, 0]
[0, 0, 0]
[0, 0, 0]
[0, 0, 0]
[0, 0, 0]
[0, 0, 0]
[0, 0, 0]
[0, 0, 0]
[0, 0, 0]
[0, 0, 0]
[0, 0, 0]
[0, 0, 0]
[0, 0, 0]
[0, 0, 0]
[0, 0, 0]
[0, 0, 0]
[0, 0, 0]
[0, 0, 0]
[0, 0, 0]
[0, 0, 0]
[0, 0, 0]
[0, 0, 0]
[0, 0, 0]
[0, 0, 0]
[0, 0, 0]
[0, 0, 0]
[0, 0, 0]
[0, 0, 0]
[0, 0, 0]
[0, 0, 0]
[0, 0, 0]
[0, 0, 0]
[0, 0, 0]
[0, 0, 0]
[0, 0, 0]
[0, 0, 0]
[0, 0, 0]
[0, 0, 0]
[0, 0, 0]
[0, 0, 0]
[0, 0, 0]
[0, 0, 0]
[0, 0, 0]
[0, 0, 0]
[0, 0, 0]
[0, 0, 0]
[0, 0, 0]
[0, 0, 0]
[0, 0, 0]
[0, 0, 0]
[0, 0, 0]
[0, 0, 0]
[0, 0, 0]
[0, 0, 0]
[0, 0, 0]
[0, 0, 0]
[0, 0, 0]
[0, 0, 0]
[0, 0, 0]
[0, 0, 0]
[0, 0, 0]
[0, 0, 0]
[0, 0, 0]
[0, 0, 0]
[0, 0, 0]
[0, 0, 0]
[0, 0, 0]
[0, 0, 0]
[0, 0, 0]
[0, 0, 0]
[0, 0, 0]
[0, 0, 0]
[0, 0, 0]
[0, 0, 0]
[0, 0, 0]
[0, 0, 0]
[0, 0, 0]
[0, 0, 0]
[0, 0, 0]
[0, 0, 0]
[0, 0, 0]
[0, 0, 0]
[0, 0, 0]
[0, 0, 0]
[0, 0, 0]
[0, 0, 0]
[0, 0, 0]
[0, 0, 0]
[0, 0, 0]
[0, 0, 0]
[0, 0, 0]
[0, 0, 0]
[0, 0, 0]
[0, 0, 0]
[0, 0, 0]
[0, 0, 0]
[0, 0, 0]
[0, 0, 0]
[0, 0, 0]
[0, 0, 0]
[0, 0, 0]
[0, 0, 0]
[0, 0, 0]
[0, 0, 0]
[0, 0, 0]
[0, 0, 0]
[0, 0, 0]
[0, 0, 0]
[0, 0, 0]
[0, 0, 0]
[0, 0, 0]
[0, 0, 0]
[0, 0, 0]
[0, 0, 0]
[0, 0, 0]
[0, 0, 0]
[0, 0, 0]
[0, 0, 0]
[0, 0, 0]
[0, 0, 0]
[0, 0, 0]
[0, 0, 0]
[0, 0, 0]
[0, 0, 0]
[0, 0, 0]
[0, 0, 0]
[0, 0, 0]
[0, 0, 0]
[0, 0, 0]
[0, 0, 0]
[0, 0, 0]
[0, 0, 0]
[0, 0, 0]
[0, 0, 0]
[0, 0, 0]
[0, 0, 0]
[0, 0, 0]
[0, 0, 0]
[0, 0, 0]
[0, 0, 0]
[0, 0, 0]
[0, 0, 0]
[0, 0, 0]
[0, 0, 0]
[0, 0, 0]
[0, 0, 0]
[0, 0, 0]
[0, 0, 0]
[0, 0, 0]
[0, 0, 0]
[0, 0, 0]
[0, 0, 0]
[0, 0, 0]
[0, 0, 0]
[0, 0, 0]
[0, 0, 0]
[0, 0, 0]
[0, 0, 0]
[0, 0, 0]
[0, 0, 0]
[0, 0, 0]
[0, 0, 0]
[0, 0, 0]
[0, 0, 0]
[0, 0, 0]
[0, 0, 0]
[0, 0, 0]
[0, 0, 0]
[0, 0, 0]
[0, 0, 0]
[0, 0, 0]
[0, 0, 0]
[0, 0, 0]
[0, 0, 0]
[0, 0, 0]
[0, 0, 0]
[0, 0, 0]
[0, 0, 0]
[0, 0, 0]
[0, 0, 0]
[0, 0, 0]
[0, 0, 0]
[0, 0, 0]
[0, 0, 0]
[0, 0, 0]
[0, 0, 0]
[0, 0, 0]
[0, 0, 0]
[0, 0, 0]
[0, 0, 0]
[0, 0, 0]
[0, 0, 0]
[0, 0, 0]
[0, 0, 0]
[0, 0, 0]
[0, 0, 0]
[0, 0, 0]
[0, 0, 0]
[0, 0, 0]
[0, 0, 0]
[0, 0, 0]
[0, 0, 0]
[0, 0, 0]
[0, 0, 0]
[0, 0, 0]
[0, 0, 0]
[0, 0, 0]
[0, 0, 0]
[0, 0, 0]
[0, 0, 0]
[0, 0, 0]
[0, 0, 0]
[0, 0, 0]
[0, 0, 0]
[0, 0, 0]
[0, 0, 0]
[0, 0, 0]
[0, 0, 0]
[0, 0, 0]
[0, 0, 0]
[0, 0, 0]
[0, 0, 0]
[0, 0, 0]
[0, 0, 0]
[0, 0, 0]
[0, 0, 0]
[0, 0, 0]
[0, 0, 0]
[0, 0, 0]
[0, 0, 0]
[0, 0, 0]
[0, 0, 0]
[0, 0, 0]
[0, 0, 0]
[0, 0, 0]
[0, 0, 0]
[0, 0, 0]
[0, 0, 0]
[0, 0, 0]
[0, 0, 0]
[0, 0, 0]
[0, 0, 0]
[0, 0, 0]
[0, 0, 0]
[0, 0, 0]
[0, 0, 0]
[0, 0, 0]
[0, 0, 0]
[0, 0, 0]
[0, 0, 0]
[0, 0, 0]
[0, 0, 0]
[0, 0, 0]
[0, 0, 0]
[0, 0, 0]
[0, 0, 0]
[0, 0, 0]
[0, 0, 0]
[0, 0, 0]
[0, 0, 0]
[0, 0, 0]
[0, 0, 0]
[0, 0, 0]
[0, 0, 0]
[0, 0, 0]
[0, 0, 0]
[0, 0, 0]
[0, 0, 0]
[0, 0, 0]
[0, 0, 0]
[0, 0, 0]
[0, 0, 0]
[0, 0, 0]
[0, 0, 0]
[0, 0, 0]
[0, 0, 0]
[0, 0, 0]
[0, 0, 0]
[0, 0, 0]
[0, 0, 0]
[0, 0, 0]
[0, 0, 0]
[0, 0, 0]
[0, 0, 0]
[0, 0, 0]
[0, 0, 0]
[0, 0, 0]
[0, 0, 0]
[0, 0, 0]
[0, 0, 0]
[0, 0, 0]
[0, 0, 0]
[0, 0, 0]
[0, 0, 0]
[0, 0, 0]
[0, 0, 0]
[0, 0, 0]
[0, 0, 0]
[0, 0, 0]
[0, 0, 0]
[0, 0, 0]
[0, 0, 0]
[0, 0, 0]
[0, 0, 0]
[0, 0, 0]
[0, 0, 0]
[0, 0, 0]
[0, 0, 0]
[0, 0, 0]
[0, 0, 0]
[0, 0, 0]
[0, 0, 0]
[0, 0, 0]
[0, 0, 0]
[0, 0, 0]
[0, 0, 0]
[0, 0, 0]
[0, 0, 0]
[0, 0, 0]
[0, 0, 0]
[0, 0, 0]
[0, 0, 0]
[0, 0, 0]
[0, 0, 0]
[0, 0, 0]
[0, 0, 0]
[0, 0, 0]
[0, 0, 0]
[0, 0, 0]
[0, 0, 0]
[0, 0, 0]
[0, 0, 0]
[0, 0, 0]
[0, 0, 0]
[0, 0, 0]
[0, 0, 0]
[0, 0, 0]
[0, 0, 0]
[0, 0, 0]
[0, 0, 0]
[0, 0, 0]
[0, 0, 0]
[0, 0, 0]
[0, 0, 0]
[0, 0, 0]
[0, 0, 0]
[0, 0, 0]
[0, 0, 0]
[0, 0, 0]
[0, 0, 0]
[0, 0, 0]
[0, 0, 0]
[0, 0, 0]
[0, 0, 0]
[0, 0, 0]
[0, 0, 0]
[0, 0, 0]
[0, 0, 0]
[0, 0, 0]
[0, 0, 0]
[0, 0, 0]
[0, 0, 0]
[0, 0, 0]
[0, 0, 0]
[0, 0, 0]
[0, 0, 0]
[0, 0, 0]
[0, 0, 0]
[0, 0, 0]
[0, 0, 0]
[0, 0, 0]
[0, 0, 0]
[0, 0, 0]
[0, 0, 0]
[0, 0, 0]
[0, 0, 0]
[0, 0, 0]
[0, 0, 0]
[0, 0, 0]
[0, 0, 0]
[0, 0, 0]
[0, 0, 0]
[0, 0, 0]
[0, 0, 0]
[0, 0, 0]
[0, 0, 0]
[0, 0, 0]
[0, 0, 0]
[0, 0, 0]
[0, 0, 0]
[0, 0, 0]
[0, 0, 0]
[0, 0, 0]
[0, 0, 0]
[0, 0, 0]
[0, 0, 0]
[0, 0, 0]
[0, 0, 0]
[0, 0, 0]
[0, 0, 0]
[0, 0, 0]
[0, 0, 0]
[0, 0, 0]
[0, 0, 0]
[0, 0, 0]
[0, 0, 0]
[0, 0, 0]
[0, 0, 0]
[0, 0, 0]
[0, 0, 0]
[0, 0, 0]
[0, 0, 0]
[0, 0, 0]
[0, 0, 0]
[0, 0, 0]
[0, 0, 0]
[0, 0, 0]
[0, 0, 0]
[0, 0, 0]
[0, 0, 0]
[0, 0, 0]
[0, 0, 0]
[0, 0, 0]
[0, 0, 0]
[0, 0, 0]
[0, 0, 0]
[0, 0, 0]
[0, 0, 0]
[0, 0, 0]
[0, 0, 0]
[0, 0, 0]
[0, 0, 0]
[0, 0, 0]
[0, 0, 0]
[0, 0, 0]
[0, 0, 0]
[0, 0, 0]
[0, 0, 0]
[0, 0, 0]
[0, 0, 0]
[0, 0, 0]
[0, 0, 0]
[0, 0, 0]
[0, 0, 0]
[0, 0, 0]
[0, 0, 0]
[0, 0, 0]
[0, 0, 0]
[0, 0, 0]
[0, 0, 0]
[0, 0, 0]
[0, 0, 0]
[0, 0, 0]
[0, 0, 0]
[0, 0, 0]
[0, 0, 0]
[0, 0, 0]
[0, 0, 0]
[0, 0, 0]
[0, 0, 0]
[0, 0, 0]
[0, 0, 0]
[0, 0, 0]
[0, 0, 0]
[0, 0, 0]
[0, 0, 0]
[0, 0, 0]
[0, 0, 0]
[0, 0, 0]
[0, 0, 0]
[0, 0, 0]
[0, 0, 0]
[0, 0, 0]
[0, 0, 0]
[0, 0, 0]
[0, 0, 0]
[0, 0, 0]
[0, 0, 0]
[0, 0, 0]
[0, 0, 0]
[0, 0, 0]
[0, 0, 0]
[0, 0, 0]
[0, 0, 0]
[0, 0, 0]
[0, 0, 0]
[0, 0, 0]
[0, 0, 0]
[0, 0, 0]
[0, 0, 0]
[0, 0, 0]
[0, 0, 0]
[0, 0, 0]
[0, 0, 0]
[0, 0, 0]
[0, 0, 0]
[0, 0, 0]
[0, 0, 0]
[0, 0, 0]
[0, 0, 0]
[0, 0, 0]
[0, 0, 0]
[0, 0, 0]
[0, 0, 0]
[0, 0, 0]
[0, 0, 0]
[0, 0, 0]
[0, 0, 0]
[0, 0, 0]
[0, 0, 0]
[0, 0, 0]
[0, 0, 0]
[0, 0, 0]
[0, 0, 0]
[0, 0, 0]
[0, 0, 0]
[0, 0, 0]
[0, 0, 0]
[0, 0, 0]
[0, 0, 0]
[0, 0, 0]
[0, 0, 0]
[0, 0, 0]
[0, 0, 0]
[0, 0, 0]
[0, 0, 0]
[0, 0, 0]
[0, 0, 0]
[0, 0, 0]
[0, 0, 0]
[0, 0, 0]
[0, 0, 0]
[0, 0, 0]
[0, 0, 0]
[0, 0, 0]
[0, 0, 0]
[0, 0, 0]
[0, 0, 0]
[0, 0, 0]
[0, 0, 0]
[0, 0, 0]
[0, 0, 0]
[0, 0, 0]
[0, 0, 0]
[0, 0, 0]
[0, 0, 0]
[0, 0, 0]
[0, 0, 0]
[0, 0, 0]
[0, 0, 0]
[0, 0, 0]
[0, 0, 0]
[0, 0, 0]
[0, 0, 0]
[0, 0, 0]
[0, 0, 0]
[0, 0, 0]
[0, 0, 0]
[0, 0, 0]
[0, 0, 0]
[0, 0, 0]
[0, 0, 0]
[0, 0, 0]
[0, 0, 0]
[0, 0, 0]
[0, 0, 0]
[0, 0, 0]
[0, 0, 0]
[0, 0, 0]
[0, 0, 0]
[0, 0, 0]
[0, 0, 0]
[0, 0, 0]
[0, 0, 0]
[0, 0, 0]
[0, 0, 0]
[0, 0, 0]
[0, 0, 0]
[0, 0, 0]
[0, 0, 0]
[0, 0, 0]
[0, 0, 0]
[0, 0, 0]
[0, 0, 0]
[0, 0, 0]
[0, 0, 0]
[0, 0, 0]
[0, 0, 0]
[0, 0, 0]
[0, 0, 0]
[0, 0, 0]
[0, 0, 0]
[0, 0, 0]
[0, 0, 0]
[0, 0, 0]
[0, 0, 0]
[0, 0, 0]
[0, 0, 0]
[0, 0, 0]
[0, 0, 0]
[0, 0, 0]
[0, 0, 0]
[0, 0, 0]
[0, 0, 0]
[0, 0, 0]
[0, 0, 0]
[0, 0, 0]
[0, 0, 0]
[0, 0, 0]
[0, 0, 0]
[0, 0, 0]
[0, 0, 0]
[0, 0, 0]
[0, 0, 0]
[0, 0, 0]
[0, 0, 0]
[0, 0, 0]
[0, 0, 0]
[0, 0, 0]
[0, 0, 0]
[0, 0, 0]
[0, 0, 0]
[0, 0, 0]
[0, 0, 0]
[0, 0, 0]
[0, 0, 0]
[0, 0, 0]
[0, 0, 0]
[0, 0, 0]
[0, 0, 0]
[0, 0, 0]
[0, 0, 0]
[0, 0, 0]
[0, 0, 0]
[0, 0, 0]
[0, 0, 0]
[0, 0, 0]
[0, 0, 0]
[0, 0, 0]
[0, 0, 0]
[0, 0, 0]
[0, 0, 0]
[0, 0, 0]
[0, 0, 0]
[0, 0, 0]
[0, 0, 0]
[0, 0, 0]
[0, 0, 0]
[0, 0, 0]
[0, 0, 0]
[0, 0, 0]
[0, 0, 0]
[0, 0, 0]
[0, 0, 0]
[0, 0, 0]
[0, 0, 0]
[0, 0, 0]
[0, 0, 0]
[0, 0, 0]
[0, 0, 0]
[0, 0, 0]
[0, 0, 0]
[0, 0, 0]
[0, 0, 0]
[0, 0, 0]
[0, 0, 0]
[0, 0, 0]
[0, 0, 0]
[0, 0, 0]
[0, 0, 0]
[0, 0, 0]
[0, 0, 0]
[0, 0, 0]
[0, 0, 0]
[0, 0, 0]
[0, 0, 0]
[0, 0, 0]
[0, 0, 0]
[0, 0, 0]
[0, 0, 0]
[0, 0, 0]
[0, 0, 0]
[0, 0, 0]
[0, 0, 0]
[0, 0, 0]
[0, 0, 0]
[0, 0, 0]
[0, 0, 0]
[0, 0, 0]
[0, 0, 0]
[0, 0, 0]
[0, 0, 0]
[0, 0, 0]
[0, 0, 0]
[0, 0, 0]
[0, 0, 0]
[0, 0, 0]
[0, 0, 0]
[0, 0, 0]
[0, 0, 0]
[0, 0, 0]
[0, 0, 0]
[0, 0, 0]
[0, 0, 0]
[0, 0, 0]
[0, 0, 0]
[0, 0, 0]
[0, 0, 0]
[0, 0, 0]
[0, 0, 0]
[0, 0, 0]
[0, 0, 0]
[0, 0, 0]
[0, 0, 0]
[0, 0, 0]
[0, 0, 0]
[0, 0, 0]
[0, 0, 0]
[0, 0, 0]
[0, 0, 0]
[0, 0, 0]
[0, 0, 0]
[0, 0, 0]
[0, 0, 0]
[0, 0, 0]
[0, 0, 0]
[0, 0, 0]
[0, 0, 0]
[0, 0, 0]
[0, 0, 0]
[0, 0, 0]
[0, 0, 0]
[0, 0, 0]
[0, 0, 0]
[0, 0, 0]
[0, 0, 0]
[0, 0, 0]
[0, 0, 0]
[0, 0, 0]
[0, 0, 0]
[0, 0, 0]
[0, 0, 0]
[0, 0, 0]
[0, 0, 0]
[0, 0, 0]
[0, 0, 0]
[0, 0, 0]
[0, 0, 0]
[0, 0, 0]
[0, 0, 0]
[0, 0, 0]
[0, 0, 0]
[0, 0, 0]
[0, 0, 0]
[0, 0, 0]
[0, 0, 0]
[0, 0, 0]
[0, 0, 0]
[0, 0, 0]