710
25
[674.847, 563.477, 0]
[675.28, 563.667, 0]
[675.633, 563.463, 0]
[675.461, 563.247, 0]
[675.467, 563.232, 0]
[675.47, 563.219, 0]
[675.476, 562.428, 0]
[675.851, 563.237, 0]
[675.113, 563.434, 0]
[675.116, 563.427, 0]
[675.1, 563.434, 0]
[675.738, 562.41, 0]
[675.739, 562.431, 0]
[674.695, 563.234, 0]
[675.477, 563.247, 0]
[675.114, 563.466, 0]
[675.128, 563.459, 0]
[675.484, 562.721, 0]
[675.48, 562.736, 0]
[674.359, 563.441, 0]
[674.698, 563.51, 0]
[674.683, 563.517, 0]
[674.523, 563.681, 0]
[674.434, 563.509, 0]
[674.435, 563.505, 0]
[674.086, 563.438, 0]
[674.783, 563.262, 0]
[674.764, 563.264, 0]
[674.411, 564.016, 0]
[674.425, 564.01, 0]
[674.427, 564.018, 0]
[674.142, 564.026, 0]
[674.757, 563.817, 0]
[675.809, 563.793, 0]
[675.18, 564.021, 0]
[675.183, 564.029, 0]
[675.195, 564.022, 0]
[675.199, 564.019, 0]
[675.185, 564.008, 0]
[675.192, 564.018, 0]
[675.2, 564.012, 0]
[674.035, 564.235, 0]
[674.041, 564.24, 0]
[674.044, 564.214, 0]
[674.384, 564.004, 0]
[674.373, 563.229, 0]
[675.483, 563.254, 0]
[674.371, 563.229, 0]
[675.482, 563.241, 0]
[675.054, 563.283, 0]
[674.369, 563.239, 0]
[675.441, 563.258, 0]
[676.815, 561.894, 0]
[678.397, 558.401, 0]
[679.746, 551.29, 0]
[686.157, 534.589, 0]
[679.787, 530.886, 0]
[696.295, 524.745, 0]
[708.731, 522.272, 0]
[700.804, 521.223, 0]
[723.259, 534.961, 0]
[729.238, 542.382, 0]
[728.197, 546.597, 0]
[720.433, 545.773, 0]
[706.872, 540.297, 0]
[680.146, 530.191, 0]
[603.338, 481.609, 0]
[478.501, 423.636, 0]
[481.804, 407.166, 0]
[495.641, 428.072, 0]
[497.106, 436.847, 0]
[507.618, 446.407, 0]
[511.277, 463.604, 0]
[523.349, 454.669, 0]
[549.7, 461.958, 0]
[585.688, 464.413, 0]
[621.903, 471.529, 0]
[635.967, 482.27, 0]
[642.848, 481.518, 0]
[653.965, 480.2, 0]
[681.519, 476.94, 0]
[652.629, 490.013, 0]
[653.641, 492.718, 0]
[644.924, 487.461, 0]
[644.431, 491.273, 0]
[654.806, 512.419, 0]
[670.551, 531, 0]
[688.976, 548.279, 0]
[710.028, 558.871, 0]
[719.03, 562.058, 0]
[717.863, 560.785, 0]
[715.628, 558.326, 0]
[708.383, 557.804, 0]
[701.96, 560.612, 0]
[697.751, 563.946, 0]
[700.857, 569.965, 0]
[701.767, 572.174, 0]
[701.885, 572.972, 0]
[702.429, 573.026, 0]
[702.862, 574.183, 0]
[702.401, 573.218, 0]
[701.411, 573.262, 0]
[701.816, 573.086, 0]
[702.504, 574.253, 0]
[702.817, 573.156, 0]
[702.796, 573.157, 0]
[702.879, 573.402, 0]
[702.523, 573.168, 0]
[702.917, 573.146, 0]
[700.982, 574.22, 0]
[701.268, 574.226, 0]
[702.8, 573.698, 0]
[702.755, 573.144, 0]
[702.462, 573.703, 0]
[702.279, 574.531, 0]
[702.27, 573.437, 0]
[702.245, 573.451, 0]
[702.71, 573.661, 0]
[702.693, 572.869, 0]
[702.693, 573.122, 0]
[701.953, 573.442, 0]
[702.62, 574.734, 0]
[702.626, 574.755, 0]
[702.241, 572.599, 0]
[702.247, 572.608, 0]
[702.651, 572.907, 0]
[702.643, 573.711, 0]
[702.768, 573.949, 0]
[703.139, 573.095, 0]
[702.849, 573.105, 0]
[703.165, 572.862, 0]
[702.363, 574.209, 0]
[703.167, 574.211, 0]
[702.747, 574.262, 0]
[703.157, 572.803, 0]
[702.346, 573.543, 0]
[702.402, 573.169, 0]
[702.179, 572.841, 0]
[702.133, 574.413, 0]
[701.993, 574.232, 0]
[699.991, 572.465, 0]
[699.151, 568.057, 0]
[693.383, 564.038, 0]
[681.223, 561.213, 0]
[667.964, 559.919, 0]
[651.156, 568.147, 0]
[632.736, 579.525, 0]
[618.108, 593.524, 0]
[605.521, 604.79, 0]
[596.681, 609.295, 0]
[587.587, 615.684, 0]
[585.595, 619.123, 0]
[582.148, 620.062, 0]
[579.301, 619.096, 0]
[579.424, 618.833, 0]
[574.961, 616.806, 0]
[571.483, 615.081, 0]
[568.911, 615.653, 0]
[567.067, 616.161, 0]
[565.831, 616.046, 0]
[564.652, 615.125, 0]
[565.469, 616.856, 0]
[566.225, 616.516, 0]
[565.961, 616.953, 0]
[565.382, 616.674, 0]
[565.208, 615.411, 0]
[563.087, 614.575, 0]
[560.072, 613.981, 0]
[557.832, 614.12, 0]
[556.451, 616.165, 0]
[555.94, 616.575, 0]
[556.868, 611.3, 0]
[551.607, 609.753, 0]
[546.852, 611.525, 0]
[546.046, 611.503, 0]
[543.764, 616.252, 0]
[543.442, 616.933, 0]
[544.948, 616.204, 0]
[545.268, 618.369, 0]
[545.371, 617.755, 0]
[544.117, 616.862, 0]
[544.24, 617.746, 0]
[543.88, 616.434, 0]
[543.017, 618.459, 0]
[543.622, 617.543, 0]
[543.091, 618.459, 0]
[543.711, 616.549, 0]
[543.027, 619.098, 0]
[542.569, 618.881, 0]
[544.313, 617.254, 0]
[541.93, 618.631, 0]
[542.291, 618.455, 0]
[542.728, 618.406, 0]
[542.383, 617.228, 0]
[541.87, 618.442, 0]
[541.867, 618.414, 0]
[542.982, 617.426, 0]
[542.813, 619.211, 0]
[543.859, 616.387, 0]
[541.848, 618.49, 0]
[543.076, 619.197, 0]
[544.111, 616.284, 0]
[541.889, 618.363, 0]
[541.678, 617.838, 0]
[541.698, 617.031, 0]
[541.189, 617.551, 0]
[541.364, 618.792, 0]
[541.033, 617.669, 0]
[541.049, 618.484, 0]
[541.029, 618.499, 0]
[541.048, 618.47, 0]
[542.213, 618.861, 0]
[545.325, 619.127, 0]
[545.359, 619.115, 0]
[545.332, 618.217, 0]
[544.81, 619.102, 0]
[545.632, 618.812, 0]
[544.512, 618.36, 0]
[545.795, 617.812, 0]
[546.526, 618.356, 0]
[547.424, 616.939, 0]
[547.706, 612.437, 0]
[553.657, 606.512, 0]
[555.355, 604.818, 0]
[553.991, 602.633, 0]
[554.536, 605.124, 0]
[554.638, 606.405, 0]
[553.793, 608.921, 0]
[554.628, 606.484, 0]
[555.414, 605.696, 0]
[554.827, 605.784, 0]
[555.26, 605.182, 0]
[556.118, 605.154, 0]
[556.114, 605.172, 0]
[556.127, 605.167, 0]
[557.824, 605.173, 0]
[555.263, 603.46, 0]
[558.542, 606.92, 0]
[559.034, 604.502, 0]
[558.227, 604.521, 0]
[558.839, 604.144, 0]
[556.235, 603.806, 0]
[557.008, 604.562, 0]
[555.49, 604.145, 0]
[554.926, 605.261, 0]
[557.858, 606.532, 0]
[549.893, 623.53, 0]
[549.892, 625.106, 0]
[552.266, 621.933, 0]
[554.499, 609.48, 0]
[556.409, 606.824, 0]
[555.317, 610.321, 0]
[556.397, 607.569, 0]
[555.588, 609.26, 0]
[555.354, 607.743, 0]
[556.448, 608.5, 0]
[555.583, 608.417, 0]
[556.809, 609.888, 0]
[555.554, 610.133, 0]
[554.702, 610.128, 0]
[554.143, 611.377, 0]
[554.161, 611.054, 0]
[549.93, 617.847, 0]
[549.646, 618.536, 0]
[549.107, 617.864, 0]
[553.93, 611.585, 0]
[552.184, 605.575, 0]
[549.901, 609.367, 0]
[551.003, 617.442, 0]
[549.937, 616.838, 0]
[549.502, 616.882, 0]
[548.29, 618.214, 0]
[548.83, 611.721, 0]
[547.948, 614.094, 0]
[549.076, 617.031, 0]
[552.411, 611.12, 0]
[550.199, 613.184, 0]
[555.007, 610.618, 0]
[551.858, 611.788, 0]
[536.289, 607.51, 0]
[549.568, 611.288, 0]
[549.1, 612.697, 0]
[549.927, 612.728, 0]
[550.51, 611.281, 0]
[550.651, 607.786, 0]
[550.979, 608.37, 0]
[554.037, 606.014, 0]
[552.034, 611.673, 0]
[551.215, 610.668, 0]
[547.305, 617.111, 0]
[551.266, 617.845, 0]
[560.991, 609.367, 0]
[545.027, 619.947, 0]
[542.927, 620.497, 0]
[543.014, 620.326, 0]
[542.756, 619.756, 0]
[543.657, 619.623, 0]
[543.092, 618.753, 0]
[543.205, 619.274, 0]
[543.248, 619.266, 0]
[541.514, 619.681, 0]
[542.383, 619.507, 0]
[543.481, 620.21, 0]
[543.52, 619.388, 0]
[543.752, 620.033, 0]
[544.08, 619.502, 0]
[543.981, 619.418, 0]
[543.989, 619.402, 0]
[543.489, 618.482, 0]
[544.247, 619.792, 0]
[543.569, 618.952, 0]
[544.068, 620.131, 0]
[544.288, 619.779, 0]
[542.943, 619.08, 0]
[544.019, 619.28, 0]
[543.707, 619.254, 0]
[544.562, 619.578, 0]
[543.983, 618.87, 0]
[543.489, 619.727, 0]
[543.224, 619.263, 0]
[543.473, 618.557, 0]
[543.184, 618.104, 0]
[543.217, 617.278, 0]
[542.862, 618.443, 0]
[543.346, 619.066, 0]
[543.399, 616.351, 0]
[544.232, 613.802, 0]
[546.245, 612.492, 0]
[548.739, 610.258, 0]
[552.299, 609.898, 0]
[558.799, 608.554, 0]
[562.772, 609.8, 0]
[565.674, 610.752, 0]
[568.669, 610.951, 0]
[569.306, 610.319, 0]
[569.166, 609.958, 0]
[566.951, 615.246, 0]
[566.248, 616.234, 0]
[567.006, 615.529, 0]
[565.849, 614.257, 0]
[572.773, 609.593, 0]
[571.571, 609.288, 0]
[571.187, 609.56, 0]
[570.009, 609.281, 0]
[569.964, 610.396, 0]
[570.077, 609.826, 0]
[569.315, 610.979, 0]
[570.599, 610.095, 0]
[570.564, 610.944, 0]
[569.304, 610.979, 0]
[569.278, 611, 0]
[568.817, 611.602, 0]
[568.703, 611.613, 0]
[569.935, 612, 0]
[569.417, 610.8, 0]
[569.227, 613.136, 0]
[568.328, 612.802, 0]
[568.675, 612.804, 0]
[568.077, 612.413, 0]
[568.985, 613.012, 0]
[568.216, 611.576, 0]
[568.055, 612.166, 0]
[568.66, 613.382, 0]
[567.617, 613.669, 0]
[567.881, 612.86, 0]
[567.412, 613.004, 0]
[567.839, 612.711, 0]
[567.942, 612.406, 0]
[568.334, 612.278, 0]
[567.82, 612.705, 0]
[566.816, 613.004, 0]
[567.007, 613.945, 0]
[567.106, 613.112, 0]
[566.234, 613.109, 0]
[567.855, 613.012, 0]
[566.106, 613.41, 0]
[566.485, 613.548, 0]
[564.503, 621.656, 0]
[585.863, 608.899, 0]
[601.366, 663.309, 0]
[646.913, 679.61, 0]
[746.479, 678.125, 0]
[567.335, 614.031, 0]
[566.372, 613.948, 0]
[569.772, 615.315, 0]
[551.408, 578.229, 0]
[571.83, 616.704, 0]
[569.625, 615.195, 0]
[566.89, 613.701, 0]
[567.609, 613.76, 0]
[566.534, 613.432, 0]
[566.286, 613.228, 0]
[566.363, 613.224, 0]
[566.558, 613.723, 0]
[567.562, 614.453, 0]
[569.853, 614.634, 0]
[567.778, 613.113, 0]
[657.906, 535.662, 0]
[593.241, 643.609, 0]
[595.617, 642.916, 0]
[597.316, 640.63, 0]
[685.159, 622.413, 0]
[653.716, 604.924, 0]
[582.497, 628.011, 0]
[585.912, 620.178, 0]
[579.925, 604.518, 0]
[582.05, 598.329, 0]
[573.89, 601.918, 0]
[570.572, 601.877, 0]
[566.343, 602.068, 0]
[563.967, 603.779, 0]
[563.301, 601.977, 0]
[564.157, 603.335, 0]
[561.272, 603.139, 0]
[560.184, 602.52, 0]
[559.532, 604.003, 0]
[562.474, 607.342, 0]
[563.953, 607.787, 0]
[565.379, 610.205, 0]
[564.807, 609.921, 0]
[564.761, 609.617, 0]
[564.793, 609.611, 0]
[564.03, 610.368, 0]
[563.816, 609.804, 0]
[564.386, 610.966, 0]
[566.303, 613.259, 0]
[568.369, 616.014, 0]
[567.487, 616.343, 0]
[568.348, 616.484, 0]
[568.346, 614.936, 0]
[566.528, 616.782, 0]
[568.299, 615.507, 0]
[567.442, 617.054, 0]
[571.918, 617.896, 0]
[571.953, 618.213, 0]
[573.67, 627.974, 0]
[570.694, 640.084, 0]
[567.765, 645.114, 0]
[565.873, 648.056, 0]
[563.418, 643.244, 0]
[566.113, 638.739, 0]
[567.739, 633.931, 0]
[564.94, 634.96, 0]
[563.724, 636.361, 0]
[563.841, 634.592, 0]
[562.325, 630.528, 0]
[563.891, 626.137, 0]
[562.997, 619.302, 0]
[559.546, 617.851, 0]
[561.794, 613.297, 0]
[563.594, 610.464, 0]
[564.336, 608.595, 0]
[566.406, 606.537, 0]
[567.335, 607.036, 0]
[569.447, 606.155, 0]
[568.98, 606.836, 0]
[567.38, 608.669, 0]
[567.597, 609.571, 0]
[568.525, 610.824, 0]
[568.464, 609.849, 0]
[568.801, 610.567, 0]
[569.417, 608.364, 0]
[570.187, 609.652, 0]
[569.035, 611.505, 0]
[569.272, 609.728, 0]
[569.638, 612.263, 0]
[569.332, 611.197, 0]
[569.398, 611.663, 0]
[569.372, 610.844, 0]
[569.259, 610.473, 0]
[568.608, 610.75, 0]
[569.578, 610.731, 0]
[569.831, 612.911, 0]
[572.642, 611.953, 0]
[572.711, 611.038, 0]
[570.467, 612.826, 0]
[569.988, 613.358, 0]
[568.752, 613.546, 0]
[569.027, 613.769, 0]
[569.075, 613.766, 0]
[568.948, 613.554, 0]
[568.7, 613.15, 0]
[568.792, 613.771, 0]
[568.786, 613.447, 0]
[569.323, 613.425, 0]
[569.255, 612.656, 0]
[568.3, 613.439, 0]
[568.814, 612.895, 0]
[568.155, 613.691, 0]
[568.288, 613.725, 0]
[568.804, 612.873, 0]
[568.276, 613.135, 0]
[568.785, 612.052, 0]
[568.135, 612.835, 0]
[568.259, 612.288, 0]
[568.242, 612.312, 0]
[568.592, 613.004, 0]
[568.415, 612.394, 0]
[568.907, 613.016, 0]
[568.718, 612.919, 0]
[568.861, 613.383, 0]
[567.421, 612.002, 0]
[568.395, 613.53, 0]
[568.506, 613.394, 0]
[568.382, 613.507, 0]
[568.541, 613.566, 0]
[568.007, 613.459, 0]
[566.945, 612.725, 0]
[566.983, 613.346, 0]
[567.841, 614.888, 0]
[567.846, 614.557, 0]
[568.29, 613.825, 0]
[568.428, 614.263, 0]
[568.038, 614.138, 0]
[567.759, 613.297, 0]
[567.233, 613.061, 0]
[567.243, 613.865, 0]
[568.301, 613.358, 0]
[568.298, 613.303, 0]
[568.64, 613.733, 0]
[568.915, 614.952, 0]
[568.566, 613.539, 0]
[568.328, 613.84, 0]
[568.31, 613.843, 0]
[568.339, 613.848, 0]
[568.015, 613.25, 0]
[568.328, 613.576, 0]
[568.884, 614.176, 0]
[568.022, 614.135, 0]
[568.512, 613.731, 0]
[568.092, 614.795, 0]
[571.294, 615.458, 0]
[572.147, 617.944, 0]
[575.626, 623.243, 0]
[577.196, 628.338, 0]
[580.445, 641.972, 0]
[579.304, 654.769, 0]
[575.659, 662.526, 0]
[567.312, 676.105, 0]
[561.368, 685.135, 0]
[555.457, 694.045, 0]
[550.173, 697.739, 0]
[546.088, 701.464, 0]
[541.24, 701.608, 0]
[538.047, 701.755, 0]
[538.481, 701.571, 0]
[536.693, 699.291, 0]
[536.188, 699.013, 0]
[536.094, 698.388, 0]
[536.639, 698.401, 0]
[535.803, 699.484, 0]
[536.119, 698.119, 0]
[536.91, 698.24, 0]
[535.519, 698.865, 0]
[535.503, 698.022, 0]
[537.013, 697.877, 0]
[537.404, 697.203, 0]
[537.094, 697.337, 0]
[536.916, 698.232, 0]
[537.392, 697.001, 0]
[537.417, 697.025, 0]
[537.03, 697.211, 0]
[537.181, 697.065, 0]
[537.169, 697.048, 0]
[537.936, 696.433, 0]
[537.939, 696.438, 0]
[537.943, 695.555, 0]
[537.255, 697.771, 0]
[538.326, 696.119, 0]
[538.33, 696.104, 0]
[538.52, 696.328, 0]
[538.192, 696.595, 0]
[538.973, 695.983, 0]
[538.172, 696.582, 0]
[537.968, 695.504, 0]
[538.485, 695.685, 0]
[538.5, 696.697, 0]
[538.512, 696.664, 0]
[538.812, 695.518, 0]
[538.846, 695.524, 0]
[538.325, 697.005, 0]
[538.294, 697.006, 0]
[537.945, 695.562, 0]
[537.83, 696.413, 0]
[537.861, 696.397, 0]
[536.85, 698.442, 0]
[537.716, 696.68, 0]
[536.796, 697.793, 0]
[537.573, 697.083, 0]
[537.027, 697.843, 0]
[537.675, 698.576, 0]
[538.001, 699.047, 0]
[538.153, 699.003, 0]
[537.016, 700.002, 0]
[538.393, 699.15, 0]
[539.962, 698.322, 0]
[543.464, 697.327, 0]
[546.938, 693.92, 0]
[547.939, 691.612, 0]
[549.691, 689.355, 0]
[551.496, 686.482, 0]
[550.978, 683.691, 0]
[550.061, 684.943, 0]
[550.331, 684.513, 0]
[552.107, 683.175, 0]
[551.582, 684.937, 0]
[551.836, 684.807, 0]
[551.258, 684.197, 0]
[551.405, 685, 0]
[550.805, 683.537, 0]
[552.615, 682.913, 0]
[551.373, 682.459, 0]
[552.726, 683.679, 0]
[551.393, 683.212, 0]
[551.205, 683.381, 0]
[551.678, 682.654, 0]
[557.584, 674.727, 0]
[564.174, 664.434, 0]
[572.972, 645.857, 0]
[579.643, 624.676, 0]
[589.443, 598.769, 0]
[595.253, 575.17, 0]
[605.964, 553.128, 0]
[613.894, 536.448, 0]
[622.694, 522.799, 0]
[630.44, 515.094, 0]
[640.296, 510.444, 0]
[647.7, 509.299, 0]
[653.944, 511.976, 0]
[661.834, 515.137, 0]
[667.946, 521.716, 0]
[671.586, 529.352, 0]
[679.085, 539.576, 0]
[685.765, 548.927, 0]
[684.306, 558.231, 0]
[682.369, 559.201, 0]
[681.079, 559.913, 0]
[676.579, 563.551, 0]
[676.004, 563.637, 0]
[676.122, 563.83, 0]
[675.44, 563.378, 0]
[675.092, 564.052, 0]
[674.694, 563.038, 0]
[674.68, 563.029, 0]
[674.272, 563.592, 0]
[674.516, 563.592, 0]
[675.677, 562.361, 0]
[675.678, 562.359, 0]
[675.669, 562.354, 0]
[674.097, 563.617, 0]
[675.487, 562.344, 0]
[673.853, 562.312, 0]
[674.688, 563.133, 0]
[673.848, 563.337, 0]
[673.462, 563.89, 0]
[674.303, 563.396, 0]
[674.019, 563.401, 0]
[674.444, 562.332, 0]
[674.037, 563.091, 0]
[674.445, 563.34, 0]
[673.903, 563.117, 0]
[674.304, 563.367, 0]
[674.73, 563.111, 0]
[674.719, 563.101, 0]
[673.915, 563.092, 0]
[674.293, 563.354, 0]
[674.705, 563.611, 0]
[674.698, 563.621, 0]
[674.674, 563.628, 0]
[674.284, 563.345, 0]
[674.3, 563.339, 0]
[674.292, 563.334, 0]
[674.704, 563.075, 0]
[674.285, 563.331, 0]
[674.286, 563.313, 0]
[674.287, 563.292, 0]
[675.091, 562.866, 0]
[675.092, 562.852, 0]
[675.104, 562.855, 0]
[675.1, 562.881, 0]
[674.165, 563.046, 0]
[675.316, 562.886, 0]
[675.324, 562.876, 0]
[673.635, 563.87, 0]
[675.093, 562.887, 0]
[675.093, 562.884, 0]
[674.773, 563.04, 0]
[673.772, 563.3, 0]
[674.305, 563.302, 0]
[674.308, 563.3, 0]
[673.901, 563.537, 0]
[673.892, 562.309, 0]
[673.889, 562.308, 0]
[673.891, 562.303, 0]
[673.882, 563.598, 0]
[673.902, 562.313, 0]
[673.905, 563.612, 0]
[673.366, 563.608, 0]
[674.169, 563.602, 0]
[674.167, 563.604, 0]
[674.279, 563.064, 0]
[674.266, 563.094, 0]
[674.276, 563.08, 0]
[674.28, 563.063, 0]
[674.281, 563.06, 0]
[674.288, 562.58, 0]
[673.589, 563.621, 0]
[673.598, 564.149, 0]
[675.46, 563.355, 0]
[0, 0, 0]
[0, 0, 0]
[0, 0, 0]
[0, 0, 0]
[0, 0, 0]
[0, 0, 0]
[0, 0, 0]
[0, 0, 0]
[0, 0, 0]
[0, 0, 0]
[0, 0, 0]
[0, 0, 0]
[0, 0, 0]
[0, 0, 0]
[0, 0, 0]
[0, 0, 0]
[0, 0, 0]
[0, 0, 0]
[0, 0, 0]
[0, 0, 0]
[0, 0, 0]
[0, 0, 0]
[0, 0, 0]
[0, 0, 0]
[0, 0, 0]
[0, 0, 0]
[0, 0, 0]
[0, 0, 0]
[0, 0, 0]
[0, 0, 0]
[0, 0, 0]
[0, 0, 0]
[0, 0, 0]
[0, 0, 0]
[0, 0, 0]
[0, 0, 0]
[0, 0, 0]
[0, 0, 0]
[0, 0, 0]
[0, 0, 0]
[0, 0, 0]
[0, 0, 0]
[0, 0, 0]
[0, 0, 0]
[0, 0, 0]
[0, 0, 0]
[0, 0, 0]
[0, 0, 0]
[0, 0, 0]
[0, 0, 0]
[0, 0, 0]
[0, 0, 0]
[0, 0, 0]
[0, 0, 0]
[0, 0, 0]
[0, 0, 0]
[0, 0, 0]
[0, 0, 0]
[0, 0, 0]
[0, 0, 0]
[0, 0, 0]
[0, 0, 0]
[0, 0, 0]
[0, 0, 0]
[0, 0, 0]
[0, 0, 0]
[0, 0, 0]
[0, 0, 0]
[0, 0, 0]
[0, 0, 0]
[0, 0, 0]
[0, 0, 0]
[0, 0, 0]
[0, 0, 0]
[0, 0, 0]
[0, 0, 0]
[0, 0, 0]
[0, 0, 0]
[0, 0, 0]
[0, 0, 0]
[0, 0, 0]
[0, 0, 0]
[0, 0, 0]
[0, 0, 0]
[0, 0, 0]
[0, 0, 0]
[0, 0, 0]
[0, 0, 0]
[0, 0, 0]
[0, 0, 0]
[0, 0, 0]
[0, 0, 0]
[0, 0, 0]
[0, 0, 0]
[0, 0, 0]
[0, 0, 0]
[0, 0, 0]
[0, 0, 0]
[0, 0, 0]
[0, 0, 0]
[0, 0, 0]
[0, 0, 0]
[0, 0, 0]
[0, 0, 0]
[0, 0, 0]
[0, 0, 0]
[0, 0, 0]
[0, 0, 0]
[0, 0, 0]
[0, 0, 0]
[0, 0, 0]
[0, 0, 0]
[0, 0, 0]
[0, 0, 0]
[0, 0, 0]
[0, 0, 0]
[0, 0, 0]
[0, 0, 0]
[0, 0, 0]
[0, 0, 0]
[0, 0, 0]
[0, 0, 0]
[0, 0, 0]
[0, 0, 0]
[0, 0, 0]
[0, 0, 0]
[0, 0, 0]
[0, 0, 0]
[0, 0, 0]
[0, 0, 0]
[0, 0, 0]
[0, 0, 0]
[0, 0, 0]
[0, 0, 0]
[0, 0, 0]
[0, 0, 0]
[0, 0, 0]
[0, 0, 0]
[0, 0, 0]
[0, 0, 0]
[0, 0, 0]
[0, 0, 0]
[0, 0, 0]
[0, 0, 0]
[0, 0, 0]
[0, 0, 0]
[0, 0, 0]
[0, 0, 0]
[0, 0, 0]
[0, 0, 0]
[0, 0, 0]
[0, 0, 0]
[0, 0, 0]
[0, 0, 0]
[0, 0, 0]
[0, 0, 0]
[0, 0, 0]
[0, 0, 0]
[0, 0, 0]
[0, 0, 0]
[0, 0, 0]
[0, 0, 0]
[0, 0, 0]
[0, 0, 0]
[0, 0, 0]
[0, 0, 0]
[0, 0, 0]
[0, 0, 0]
[0, 0, 0]
[0, 0, 0]
[0, 0, 0]
[0, 0, 0]
[0, 0, 0]
[0, 0, 0]
[0, 0, 0]
[0, 0, 0]
[0, 0, 0]
[0, 0, 0]
[0, 0, 0]
[0, 0, 0]
[0, 0, 0]
[0, 0, 0]
[0, 0, 0]
[0, 0, 0]
[0, 0, 0]
[0, 0, 0]
[0, 0, 0]
[0, 0, 0]
[0, 0, 0]
[0, 0, 0]
[0, 0, 0]
[0, 0, 0]
[0, 0, 0]
[0, 0, 0]
[0, 0, 0]
[0, 0, 0]
[0, 0, 0]
[0, 0, 0]
[0, 0, 0]
[0, 0, 0]
[0, 0, 0]
[0, 0, 0]
[0, 0, 0]
[0, 0, 0]
[0, 0, 0]
[0, 0, 0]
[0, 0, 0]
[0, 0, 0]
[0, 0, 0]
[0, 0, 0]
[0, 0, 0]
[0, 0, 0]
[0, 0, 0]
[0, 0, 0]
[0, 0, 0]
[0, 0, 0]
[0, 0, 0]
[0, 0, 0]
[0, 0, 0]
[0, 0, 0]
[0, 0, 0]
[0, 0, 0]
[0, 0, 0]
[0, 0, 0]
[0, 0, 0]
[0, 0, 0]
[0, 0, 0]
[0, 0, 0]
[0, 0, 0]
[0, 0, 0]
[0, 0, 0]
[0, 0, 0]
[0, 0, 0]
[0, 0, 0]
[0, 0, 0]
[0, 0, 0]
[0, 0, 0]
[0, 0, 0]
[0, 0, 0]
[0, 0, 0]
[0, 0, 0]
[0, 0, 0]
[0, 0, 0]
[0, 0, 0]
[0, 0, 0]
[0, 0, 0]
[0, 0, 0]
[0, 0, 0]
[0, 0, 0]
[0, 0, 0]
[0, 0, 0]
[0, 0, 0]
[0, 0, 0]
[0, 0, 0]
[0, 0, 0]
[0, 0, 0]
[0, 0, 0]
[0, 0, 0]
[0, 0, 0]
[0, 0, 0]
[0, 0, 0]
[0, 0, 0]
[0, 0, 0]
[0, 0, 0]
[0, 0, 0]
[0, 0, 0]
[0, 0, 0]
[0, 0, 0]
[0, 0, 0]
[0, 0, 0]
[0, 0, 0]
[0, 0, 0]
[0, 0, 0]
[0, 0, 0]
[0, 0, 0]
[0, 0, 0]
[0, 0, 0]
[0, 0, 0]
[0, 0, 0]
[0, 0, 0]
[0, 0, 0]
[0, 0, 0]
[0, 0, 0]
[0, 0, 0]
[0, 0, 0]
[0, 0, 0]
[0, 0, 0]
[0, 0, 0]
[0, 0, 0]
[0, 0, 0]
[0, 0, 0]
[0, 0, 0]
[0, 0, 0]
[0, 0, 0]
[0, 0, 0]
[0, 0, 0]
[0, 0, 0]
[0, 0, 0]
[0, 0, 0]
[0, 0, 0]
[0, 0, 0]
[0, 0, 0]
[0, 0, 0]
[0, 0, 0]
[0, 0, 0]
[0, 0, 0]
[0, 0, 0]
[0, 0, 0]
[0, 0, 0]
[0, 0, 0]
[0, 0, 0]
[0, 0, 0]
[0, 0, 0]
[0, 0, 0]
[0, 0, 0]
[0, 0, 0]
[0, 0, 0]
[0, 0, 0]
[0, 0, 0]
[0, 0, 0]
[0, 0, 0]
[0, 0, 0]
[0, 0, 0]
[0, 0, 0]
[0, 0, 0]
[0, 0, 0]
[0, 0, 0]
[0, 0, 0]
[0, 0, 0]
[0, 0, 0]
[0, 0, 0]
[0, 0, 0]
[0, 0, 0]
[0, 0, 0]
[0, 0, 0]
[0, 0, 0]
[0, 0, 0]
[0, 0, 0]
[0, 0, 0]
[0, 0, 0]
[0, 0, 0]
[0, 0, 0]
[0, 0, 0]
[0, 0, 0]
[0, 0, 0]
[0, 0, 0]
[0, 0, 0]
[0, 0, 0]
[0, 0, 0]
[0, 0, 0]
[0, 0, 0]
[0, 0, 0]
[0, 0, 0]
[0, 0, 0]
[0, 0, 0]
[0, 0, 0]
[0, 0, 0]
[0, 0, 0]
[0, 0, 0]
[0, 0, 0]
[0, 0, 0]
[0, 0, 0]
[0, 0, 0]
[0, 0, 0]
[0, 0, 0]
[0, 0, 0]
[0, 0, 0]
[0, 0, 0]
[0, 0, 0]
[0, 0, 0]
[0, 0, 0]
[0, 0, 0]
[0, 0, 0]
[0, 0, 0]
[0, 0, 0]
[0, 0, 0]
[0, 0, 0]
[0, 0, 0]
[0, 0, 0]
[0, 0, 0]
[0, 0, 0]
[0, 0, 0]
[0, 0, 0]
[0, 0, 0]
[0, 0, 0]
[0, 0, 0]
[0, 0, 0]
[0, 0, 0]
[0, 0, 0]
[0, 0, 0]
[0, 0, 0]
[0, 0, 0]
[0, 0, 0]
[0, 0, 0]
[0, 0, 0]
[0, 0, 0]
[0, 0, 0]
[0, 0, 0]
[0, 0, 0]
[0, 0, 0]
[0, 0, 0]
[0, 0, 0]
[0, 0, 0]
[0, 0, 0]
[0, 0, 0]
[0, 0, 0]
[0, 0, 0]
[0, 0, 0]
[0, 0, 0]
[0, 0, 0]
[0, 0, 0]
[0, 0, 0]
[0, 0, 0]
[0, 0, 0]
[0, 0, 0]
[0, 0, 0]
[0, 0, 0]
[0, 0, 0]
[0, 0, 0]
[0, 0, 0]
[0, 0, 0]
[0, 0, 0]
[0, 0, 0]
[0, 0, 0]
[0, 0, 0]
[0, 0, 0]
[0, 0, 0]
[0, 0, 0]
[0, 0, 0]
[0, 0, 0]
[0, 0, 0]
[0, 0, 0]
[0, 0, 0]
[0, 0, 0]
[0, 0, 0]
[0, 0, 0]
[0, 0, 0]
[0, 0, 0]
[0, 0, 0]
[0, 0, 0]
[0, 0, 0]
[0, 0, 0]
[0, 0, 0]
[0, 0, 0]
[0, 0, 0]
[0, 0, 0]
[0, 0, 0]
[0, 0, 0]
[0, 0, 0]
[0, 0, 0]
[0, 0, 0]
[0, 0, 0]
[0, 0, 0]
[0, 0, 0]
[0, 0, 0]
[0, 0, 0]
[0, 0, 0]
[0, 0, 0]
[0, 0, 0]
[0, 0, 0]
[0, 0, 0]
[0, 0, 0]
[0, 0, 0]
[0, 0, 0]
[0, 0, 0]
[0, 0, 0]
[0, 0, 0]
[0, 0, 0]
[0, 0, 0]
[0, 0, 0]
[0, 0, 0]
[0, 0, 0]
[0, 0, 0]
[0, 0, 0]
[0, 0, 0]
[0, 0, 0]
[0, 0, 0]
[0, 0, 0]
[0, 0, 0]
[0, 0, 0]
[0, 0, 0]
[0, 0, 0]
[0, 0, 0]
[0, 0, 0]
[0, 0, 0]
[0, 0, 0]
[0, 0, 0]
[0, 0, 0]
[0, 0, 0]
[0, 0, 0]
[0, 0, 0]
[0, 0, 0]
[0, 0, 0]
[0, 0, 0]
[0, 0, 0]
[0, 0, 0]
[0, 0, 0]
[0, 0, 0]
[0, 0, 0]
[0, 0, 0]
[0, 0, 0]
[0, 0, 0]
[0, 0, 0]
[0, 0, 0]
[0, 0, 0]
[0, 0, 0]
[0, 0, 0]
[0, 0, 0]
[0, 0, 0]
[0, 0, 0]
[0, 0, 0]
[0, 0, 0]
[0, 0, 0]
[0, 0, 0]
[0, 0, 0]
[0, 0, 0]
[0, 0, 0]
[0, 0, 0]
[0, 0, 0]
[0, 0, 0]
[0, 0, 0]
[0, 0, 0]
[0, 0, 0]
[0, 0, 0]
[0, 0, 0]
[0, 0, 0]
[0, 0, 0]
[0, 0, 0]
[0, 0, 0]
[0, 0, 0]
[0, 0, 0]
[0, 0, 0]
[0, 0, 0]
[0, 0, 0]
[0, 0, 0]
[0, 0, 0]
[0, 0, 0]
[0, 0, 0]
[0, 0, 0]
[0, 0, 0]
[0, 0, 0]
[0, 0, 0]
[0, 0, 0]
[0, 0, 0]
[0, 0, 0]
[0, 0, 0]
[0, 0, 0]
[0, 0, 0]
[0, 0, 0]
[0, 0, 0]
[0, 0, 0]
[0, 0, 0]
[0, 0, 0]
[0, 0, 0]
[0, 0, 0]
[0, 0, 0]
[0, 0, 0]
[0, 0, 0]
[0, 0, 0]
[0, 0, 0]
[0, 0, 0]
[0, 0, 0]
[0, 0, 0]
[0, 0, 0]
[0, 0, 0]
[0, 0, 0]
[0, 0, 0]
[0, 0, 0]
[0, 0, 0]
[0, 0, 0]
[0, 0, 0]
[0, 0, 0]
[0, 0, 0]
[0, 0, 0]
[0, 0, 0]
[0, 0, 0]
[0, 0, 0]
[0, 0, 0]
[0, 0, 0]
[0, 0, 0]
[0, 0, 0]
[0, 0, 0]
[0, 0, 0]
[0, 0, 0]
[0, 0, 0]
[0, 0, 0]
[0, 0, 0]
[0, 0, 0]
[0, 0, 0]
[0, 0, 0]
[0, 0, 0]
[0, 0, 0]
[0, 0, 0]
[0, 0, 0]
[0, 0, 0]
[0, 0, 0]
[0, 0, 0]
[0, 0, 0]
[0, 0, 0]
[0, 0, 0]
[0, 0, 0]
[0, 0, 0]
[0, 0, 0]
[0, 0, 0]
[0, 0, 0]
[0, 0, 0]
[0, 0, 0]
[0, 0, 0]
[0, 0, 0]
[0, 0, 0]
[0, 0, 0]
[0, 0, 0]
[0, 0, 0]
[0, 0, 0]
[0, 0, 0]
[0, 0, 0]
[0, 0, 0]
[0, 0, 0]
[0, 0, 0]
[0, 0, 0]
[0, 0, 0]
[0, 0, 0]
[0, 0, 0]
[0, 0, 0]
[0, 0, 0]
[0, 0, 0]
[0, 0, 0]
[0, 0, 0]
[0, 0, 0]
[0, 0, 0]
[0, 0, 0]
[0, 0, 0]
[0, 0, 0]
[0, 0, 0]
[0, 0, 0]
[0, 0, 0]
[0, 0, 0]
[0, 0, 0]
[0, 0, 0]
[0, 0, 0]
[0, 0, 0]
[0, 0, 0]
[0, 0, 0]
[0, 0, 0]
[0, 0, 0]
[0, 0, 0]
[0, 0, 0]
[0, 0, 0]
[0, 0, 0]
[0, 0, 0]
[0, 0, 0]
[0, 0, 0]
[0, 0, 0]
[0, 0, 0]
[0, 0, 0]
[0, 0, 0]
[0, 0, 0]
[0, 0, 0]
[0, 0, 0]
[0, 0, 0]
[0, 0, 0]
[0, 0, 0]
[0, 0, 0]
[0, 0, 0]
[0, 0, 0]
[0, 0, 0]
[0, 0, 0]
[0, 0, 0]
[0, 0, 0]
[0, 0, 0]
[0, 0, 0]
[0, 0, 0]
[0, 0, 0]
[0, 0, 0]
[0, 0, 0]
[0, 0, 0]
[0, 0, 0]
[0, 0, 0]
[0, 0, 0]
[0, 0, 0]
[0, 0, 0]
[0, 0, 0]
[0, 0, 0]
[0, 0, 0]
[0, 0, 0]
[0, 0, 0]
[0, 0, 0]
[0, 0, 0]
[0, 0, 0]
[0, 0, 0]
[0, 0, 0]
[0, 0, 0]
[0, 0, 0]
[0, 0, 0]
[0, 0, 0]
[0, 0, 0]
[0, 0, 0]
[0, 0, 0]
[0, 0, 0]
[0, 0, 0]
[0, 0, 0]
[0, 0, 0]
[0, 0, 0]
[0, 0, 0]
[0, 0, 0]
[0, 0, 0]
[0, 0, 0]
[0, 0, 0]
[0, 0, 0]
[0, 0, 0]
[0, 0, 0]
[0, 0, 0]
[0, 0, 0]
[0, 0, 0]
[0, 0, 0]
[0, 0, 0]
[0, 0, 0]
[0, 0, 0]
[0, 0, 0]
[0, 0, 0]
[0, 0, 0]
[0, 0, 0]
[0, 0, 0]
[0, 0, 0]
[0, 0, 0]
[0, 0, 0]
[0, 0, 0]
[0, 0, 0]
[0, 0, 0]
[0, 0, 0]
[0, 0, 0]
[0, 0, 0]
[0, 0, 0]
[0, 0, 0]
[0, 0, 0]
[0, 0, 0]
[0, 0, 0]
[0, 0, 0]
[0, 0, 0]
[0, 0, 0]
[0, 0, 0]
[0, 0, 0]
[0, 0, 0]
[0, 0, 0]
[0, 0, 0]
[0, 0, 0]
[0, 0, 0]
[0, 0, 0]
[0, 0, 0]
[0, 0, 0]
[0, 0, 0]
[0, 0, 0]
[0, 0, 0]
[0, 0, 0]
[0, 0, 0]
[0, 0, 0]
[0, 0, 0]
[0, 0, 0]
[0, 0, 0]
[0, 0, 0]
[0, 0, 0]
[0, 0, 0]
[0, 0, 0]
[0, 0, 0]
[0, 0, 0]
[0, 0, 0]
[0, 0, 0]
[0, 0, 0]
[0, 0, 0]
[0, 0, 0]
[0, 0, 0]
[0, 0, 0]
[0, 0, 0]
[0, 0, 0]
[0, 0, 0]
[0, 0, 0]
[0, 0, 0]
[0, 0, 0]
[0, 0, 0]
[0, 0, 0]
[0, 0, 0]
[0, 0, 0]
[0, 0, 0]
[0, 0, 0]
[0, 0, 0]
[0, 0, 0]
[0, 0, 0]
[0, 0, 0]
[0, 0, 0]
[0, 0, 0]
[0, 0, 0]
[0, 0, 0]
[0, 0, 0]
[0, 0, 0]
[0, 0, 0]
[0, 0, 0]
[0, 0, 0]
[0, 0, 0]
[0, 0, 0]
[0, 0, 0]
[0, 0, 0]
[0, 0, 0]
[0, 0, 0]
[0, 0, 0]
[0, 0, 0]
[0, 0, 0]
[0, 0, 0]
[0, 0, 0]
[0, 0, 0]
[0, 0, 0]
[0, 0, 0]
[0, 0, 0]
[0, 0, 0]
[0, 0, 0]
[0, 0, 0]
[0, 0, 0]
[0, 0, 0]
[0, 0, 0]
[0, 0, 0]
[0, 0, 0]
[0, 0, 0]
[0, 0, 0]
[0, 0, 0]
[0, 0, 0]
[0, 0, 0]
[0, 0, 0]
[0, 0, 0]
[0, 0, 0]
[0, 0, 0]
[0, 0, 0]
[0, 0, 0]
[0, 0, 0]
[0, 0, 0]
[0, 0, 0]
[0, 0, 0]
[0, 0, 0]
[0, 0, 0]
[0, 0, 0]
[0, 0, 0]
[0, 0, 0]
[0, 0, 0]
[0, 0, 0]
[0, 0, 0]
[0, 0, 0]
[0, 0, 0]
[0, 0, 0]
[0, 0, 0]
[0, 0, 0]
[0, 0, 0]
[0, 0, 0]
[0, 0, 0]
[0, 0, 0]
[0, 0, 0]
[0, 0, 0]
[0, 0, 0]
[0, 0, 0]
[0, 0, 0]
[0, 0, 0]
[0, 0, 0]
[0, 0, 0]
[0, 0, 0]
[0, 0, 0]
[0, 0, 0]
[0, 0, 0]
[0, 0, 0]
[0, 0, 0]
[0, 0, 0]
[0, 0, 0]
[0, 0, 0]
[0, 0, 0]
[0, 0, 0]
[0, 0, 0]
[0, 0, 0]
[0, 0, 0]
[0, 0, 0]
[0, 0, 0]
[0, 0, 0]
[0, 0, 0]
[0, 0, 0]
[0, 0, 0]
[0, 0, 0]
[0, 0, 0]
[0, 0, 0]
[0, 0, 0]
[0, 0, 0]
[0, 0, 0]
[0, 0, 0]
[0, 0, 0]
[0, 0, 0]
[0, 0, 0]
[0, 0, 0]
[0, 0, 0]
[0, 0, 0]
[0, 0, 0]
[0, 0, 0]
[0, 0, 0]
[0, 0, 0]
[0, 0, 0]
[0, 0, 0]
[0, 0, 0]
[0, 0, 0]
[0, 0, 0]
[0, 0, 0]
[0, 0, 0]
[0, 0, 0]
[0, 0, 0]
[0, 0, 0]
[0, 0, 0]
[0, 0, 0]
[0, 0, 0]
[0, 0, 0]
[0, 0, 0]
[0, 0, 0]
[0, 0, 0]
[0, 0, 0]
[0, 0, 0]
[0, 0, 0]
[0, 0, 0]
[0, 0, 0]
[0, 0, 0]
[0, 0, 0]
[0, 0, 0]
[0, 0, 0]
[0, 0, 0]
[0, 0, 0]
[0, 0, 0]
[0, 0, 0]
[0, 0, 0]
[0, 0, 0]
[0, 0, 0]
[0, 0, 0]
[0, 0, 0]
[0, 0, 0]
[0, 0, 0]
[0, 0, 0]
[0, 0, 0]
[0, 0, 0]
[0, 0, 0]
[0, 0, 0]
[0, 0, 0]
[0, 0, 0]
[0, 0, 0]
[0, 0, 0]
[0, 0, 0]
[0, 0, 0]
[0, 0, 0]
[0, 0, 0]
[0, 0, 0]
[0, 0, 0]
[0, 0, 0]
[0, 0, 0]
[0, 0, 0]
[0, 0, 0]
[0, 0, 0]
[0, 0, 0]
[0, 0, 0]
[0, 0, 0]
[0, 0, 0]
[0, 0, 0]
[0, 0, 0]
[0, 0, 0]
[0, 0, 0]
[0, 0, 0]
[0, 0, 0]
[0, 0, 0]
[0, 0, 0]
[0, 0, 0]
[0, 0, 0]
[0, 0, 0]
[0, 0, 0]
[0, 0, 0]
[0, 0, 0]
[0, 0, 0]
[0, 0, 0]
[0, 0, 0]
[0, 0, 0]
[0, 0, 0]
[0, 0, 0]
[0, 0, 0]
[0, 0, 0]
[0, 0, 0]
[0, 0, 0]
[0, 0, 0]
[0, 0, 0]
[0, 0, 0]
[0, 0, 0]
[0, 0, 0]
[0, 0, 0]
[0, 0, 0]
[0, 0, 0]
[0, 0, 0]
[0, 0, 0]
[0, 0, 0]
[0, 0, 0]
[0, 0, 0]
[0, 0, 0]
[0, 0, 0]
[0, 0, 0]
[0, 0, 0]
[0, 0, 0]
[0, 0, 0]
[0, 0, 0]
[0, 0, 0]
[0, 0, 0]
[0, 0, 0]
[0, 0, 0]
[0, 0, 0]
[0, 0, 0]
[0, 0, 0]
[0, 0, 0]
[0, 0, 0]
[0, 0, 0]
[0, 0, 0]
[0, 0, 0]
[0, 0, 0]
[0, 0, 0]
[0, 0, 0]
[0, 0, 0]
[0, 0, 0]
[0, 0, 0]
[0, 0, 0]
[0, 0, 0]
[0, 0, 0]
[0, 0, 0]
[0, 0, 0]
[0, 0, 0]
[0, 0, 0]
[0, 0, 0]
[0, 0, 0]
[0, 0, 0]
[0, 0, 0]
[0, 0, 0]
[0, 0, 0]
[0, 0, 0]
[0, 0, 0]
[0, 0, 0]
[0, 0, 0]
[0, 0, 0]
[0, 0, 0]
[0, 0, 0]
[0, 0, 0]
[0, 0, 0]
[0, 0, 0]
[0, 0, 0]
[0, 0, 0]
[0, 0, 0]
[0, 0, 0]
[0, 0, 0]
[0, 0, 0]
[0, 0, 0]
[0, 0, 0]
[0, 0, 0]
[0, 0, 0]
[0, 0, 0]
[0, 0, 0]
[0, 0, 0]
[0, 0, 0]
[0, 0, 0]
[0, 0, 0]
[0, 0, 0]
[0, 0, 0]
[0, 0, 0]
[0, 0, 0]
[0, 0, 0]
[0, 0, 0]
[0, 0, 0]
[0, 0, 0]
[0, 0, 0]
[0, 0, 0]
[0, 0, 0]
[0, 0, 0]
[0, 0, 0]
[0, 0, 0]
[0, 0, 0]
[0, 0, 0]
[0, 0, 0]
[0, 0, 0]
[0, 0, 0]
[0, 0, 0]
[0, 0, 0]
[0, 0, 0]
[0, 0, 0]
[0, 0, 0]
[0, 0, 0]
[0, 0, 0]
[0, 0, 0]
[0, 0, 0]
[0, 0, 0]
[0, 0, 0]
[0, 0, 0]
[0, 0, 0]
[0, 0, 0]
[0, 0, 0]
[0, 0, 0]
[0, 0, 0]
[0, 0, 0]
[0, 0, 0]
[0, 0, 0]
[0, 0, 0]
[0, 0, 0]
[0, 0, 0]
[0, 0, 0]
[0, 0, 0]
[0, 0, 0]
[0, 0, 0]
[0, 0, 0]
[0, 0, 0]
[0, 0, 0]
[0, 0, 0]
[0, 0, 0]
[0, 0, 0]
[0, 0, 0]
[0, 0, 0]
[0, 0, 0]
[0, 0, 0]
[0, 0, 0]
[0, 0, 0]
[0, 0, 0]
[0, 0, 0]
[0, 0, 0]
[0, 0, 0]
[0, 0, 0]
[0, 0, 0]
[0, 0, 0]
[0, 0, 0]
[0, 0, 0]
[0, 0, 0]
[0, 0, 0]
[0, 0, 0]
[0, 0, 0]
[0, 0, 0]
[0, 0, 0]
[0, 0, 0]
[0, 0, 0]
[0, 0, 0]
[0, 0, 0]
[0, 0, 0]
[0, 0, 0]
[0, 0, 0]
[0, 0, 0]
[0, 0, 0]
[0, 0, 0]
[0, 0, 0]
[0, 0, 0]
[0, 0, 0]
[0, 0, 0]
[0, 0, 0]
[0, 0, 0]
[0, 0, 0]
[0, 0, 0]
[0, 0, 0]
[0, 0, 0]
[0, 0, 0]
[0, 0, 0]
[0, 0, 0]
[0, 0, 0]
[0, 0, 0]
[0, 0, 0]
[0, 0, 0]
[0, 0, 0]
[0, 0, 0]
[0, 0, 0]
[0, 0, 0]
[0, 0, 0]
[0, 0, 0]
[0, 0, 0]
[0, 0, 0]
[0, 0, 0]
[0, 0, 0]
[0, 0, 0]
[0, 0, 0]
[0, 0, 0]
[0, 0, 0]
[0, 0, 0]
[0, 0, 0]
[0, 0, 0]
[0, 0, 0]
[0, 0, 0]
[0, 0, 0]
[0, 0, 0]
[0, 0, 0]
[0, 0, 0]
[0, 0, 0]
[0, 0, 0]
[0, 0, 0]
[0, 0, 0]
[0, 0, 0]
[0, 0, 0]
[0, 0, 0]
[0, 0, 0]
[0, 0, 0]
[0, 0, 0]
[0, 0, 0]
[0, 0, 0]
[0, 0, 0]
[0, 0, 0]
[0, 0, 0]
[0, 0, 0]
[0, 0, 0]
[0, 0, 0]
[0, 0, 0]
[0, 0, 0]
[0, 0, 0]
[0, 0, 0]
[0, 0, 0]
[0, 0, 0]
[0, 0, 0]
[0, 0, 0]
[0, 0, 0]
[0, 0, 0]
[0, 0, 0]
[0, 0, 0]
[0, 0, 0]
[0, 0, 0]
[0, 0, 0]
[0, 0, 0]
[0, 0, 0]
[0, 0, 0]
[0, 0, 0]
[0, 0, 0]
[0, 0, 0]
[0, 0, 0]
[0, 0, 0]
[0, 0, 0]
[0, 0, 0]
[0, 0, 0]
[0, 0, 0]
[0, 0, 0]
[0, 0, 0]
[0, 0, 0]
[0, 0, 0]
[0, 0, 0]
[0, 0, 0]
[0, 0, 0]
[0, 0, 0]
[0, 0, 0]
[0, 0, 0]
[0, 0, 0]
[0, 0, 0]
[0, 0, 0]
[0, 0, 0]
[0, 0, 0]
[0, 0, 0]
[0, 0, 0]
[0, 0, 0]
[0, 0, 0]
[0, 0, 0]
[0, 0, 0]
[0, 0, 0]
[0, 0, 0]
[0, 0, 0]
[0, 0, 0]
[0, 0, 0]
[0, 0, 0]
[0, 0, 0]
[0, 0, 0]
[0, 0, 0]
[0, 0, 0]
[0, 0, 0]
[0, 0, 0]
[0, 0, 0]
[0, 0, 0]
[0, 0, 0]
[0, 0, 0]
[0, 0, 0]
[0, 0, 0]
[0, 0, 0]
[0, 0, 0]
[0, 0, 0]
[0, 0, 0]
[0, 0, 0]
[0, 0, 0]
[0, 0, 0]
[0, 0, 0]
[0, 0, 0]
[0, 0, 0]
[0, 0, 0]
[0, 0, 0]
[0, 0, 0]
[0, 0, 0]
[0, 0, 0]
[0, 0, 0]
[0, 0, 0]
[0, 0, 0]
[0, 0, 0]
[0, 0, 0]
[0, 0, 0]
[0, 0, 0]
[0, 0, 0]
[0, 0, 0]
[0, 0, 0]
[0, 0, 0]
[0, 0, 0]
[0, 0, 0]
[0, 0, 0]
[0, 0, 0]
[0, 0, 0]
[0, 0, 0]
[0, 0, 0]
[0, 0, 0]
[0, 0, 0]
[0, 0, 0]
[0, 0, 0]
[0, 0, 0]
[0, 0, 0]
[0, 0, 0]
[0, 0, 0]
[0, 0, 0]
[0, 0, 0]
[0, 0, 0]
[0, 0, 0]
[0, 0, 0]
[0, 0, 0]
[0, 0, 0]
[0, 0, 0]
[0, 0, 0]
[0, 0, 0]
[0, 0, 0]
[0, 0, 0]
[0, 0, 0]
[0, 0, 0]
[0, 0, 0]
[0, 0, 0]
[0, 0, 0]
[0, 0, 0]
[0, 0, 0]
[0, 0, 0]
[0, 0, 0]
[0, 0, 0]
[0, 0, 0]
[0, 0, 0]
[0, 0, 0]
[0, 0, 0]
[0, 0, 0]
[0, 0, 0]
[0, 0, 0]
[0, 0, 0]
[0, 0, 0]
[0, 0, 0]
[0, 0, 0]
[0, 0, 0]
[0, 0, 0]
[0, 0, 0]
[0, 0, 0]
[0, 0, 0]
[0, 0, 0]
[0, 0, 0]
[0, 0, 0]
[0, 0, 0]
[0, 0, 0]
[0, 0, 0]
[0, 0, 0]
[0, 0, 0]
[0, 0, 0]
[0, 0, 0]
[0, 0, 0]
[0, 0, 0]
[0, 0, 0]
[0, 0, 0]
[0, 0, 0]
[0, 0, 0]
[0, 0, 0]
[0, 0, 0]
[0, 0, 0]
[0, 0, 0]
[0, 0, 0]
[0, 0, 0]
[0, 0, 0]
[0, 0, 0]
[0, 0, 0]
[0, 0, 0]
[0, 0, 0]
[0, 0, 0]
[0, 0, 0]
[0, 0, 0]
[0, 0, 0]
[0, 0, 0]
[0, 0, 0]
[0, 0, 0]
[0, 0, 0]
[0, 0, 0]
[0, 0, 0]
[0, 0, 0]
[0, 0, 0]
[0, 0, 0]
[0, 0, 0]
[0, 0, 0]
[0, 0, 0]
[0, 0, 0]
[0, 0, 0]
[0, 0, 0]
[0, 0, 0]
[0, 0, 0]
[0, 0, 0]
[0, 0, 0]
[0, 0, 0]
[0, 0, 0]
[0, 0, 0]
[0, 0, 0]
[0, 0, 0]
[0, 0, 0]
[0, 0, 0]
[0, 0, 0]
[0, 0, 0]
[0, 0, 0]
[0, 0, 0]
[0, 0, 0]
[0, 0, 0]
[0, 0, 0]
[0, 0, 0]
[0, 0, 0]
[0, 0, 0]
[0, 0, 0]
[0, 0, 0]
[0, 0, 0]
[0, 0, 0]
[0, 0, 0]
[0, 0, 0]
[0, 0, 0]
[0, 0, 0]